# HAND DATA FORMAT 1.0
board_size: 3
board: 3h 5d Td
pot_oop: 40
pot_ip: 64
current_player: 0

# PLAYER: OOP
hands_count: 190
hand,card1,card2,weight,equity,ev
5c4c,8,12,47.827385,0.503925,2.979020
Ac4c,8,48,48.040550,0.403667,-0.567086
Ad4d,9,49,58.356190,0.634021,50.954533
5h4h,10,14,55.766514,0.524005,8.106946
Ah4h,10,50,39.641891,0.430165,2.567111
5s4s,11,15,47.827385,0.503925,2.979020
As4s,11,51,48.040550,0.403667,-0.567086
6c5c,12,16,45.637318,0.506155,2.356945
7c5c,12,20,48.891575,0.497883,1.042255
8c5c,12,24,48.814468,0.490872,0.173743
Ac5c,12,48,40.461498,0.507560,1.301206
6h5h,14,18,50.395302,0.526317,7.230278
7h5h,14,22,50.089642,0.518104,5.220596
8h5h,14,26,43.539051,0.511821,3.453115
Ah5h,14,50,46.390358,0.533486,6.314088
6s5s,15,19,45.637318,0.506155,2.356945
7s5s,15,23,48.891575,0.497883,1.042255
8s5s,15,27,48.814468,0.490872,0.173743
As5s,15,51,40.461498,0.507560,1.301206
6d6c,16,17,45.107704,0.500448,-0.127685
6h6c,16,18,54.902008,0.473857,-0.359091
6s6c,16,19,48.882801,0.473015,-0.361972
7c6c,16,20,57.399914,0.275577,-0.866301
8c6c,16,24,72.654213,0.167774,-0.698497
9c6c,16,28,64.799782,0.175837,-0.745732
6h6d,17,18,45.214809,0.501313,-0.120411
6s6d,17,19,45.107704,0.500448,-0.127685
7d6d,17,21,73.840652,0.502939,25.395618
8d6d,17,25,44.807518,0.435882,12.042815
9d6d,17,29,59.525890,0.442179,12.283124
6s6h,18,19,54.902008,0.473857,-0.359091
7h6h,18,22,48.266468,0.306367,-0.724515
8h6h,18,26,70.389465,0.204297,-0.789424
9h6h,18,30,64.192429,0.211910,-0.822005
7s6s,19,23,57.399914,0.275577,-0.866301
8s6s,19,27,72.654213,0.167774,-0.698497
9s6s,19,31,64.799782,0.175837,-0.745732
7d7c,20,21,41.085728,0.512647,-0.451113
7h7c,20,22,47.123093,0.486149,-0.377477
7s7c,20,23,46.589954,0.485187,-0.383197
8c7c,20,24,62.718948,0.171662,-0.741648
9c7c,20,28,61.287262,0.181047,-0.785512
7h7d,21,22,41.835854,0.513609,-0.422394
7s7d,21,23,41.085728,0.512647,-0.451113
8d7d,21,25,44.956470,0.441176,12.199495
9d7d,21,29,71.368935,0.448274,12.575152
7s7h,22,23,47.123093,0.486149,-0.377477
8h7h,22,26,63.349991,0.207814,-0.833311
9h7h,22,30,62.534588,0.216602,-0.867798
8s7s,23,27,62.718948,0.171662,-0.741648
9s7s,23,31,61.287262,0.181047,-0.785512
8d8c,24,25,35.633728,0.525172,-0.535199
8h8c,24,26,38.870838,0.496251,-0.368641
8s8c,24,27,39.161961,0.496172,-0.366366
9c8c,24,28,60.553471,0.183913,-0.814125
Ac8c,24,48,50.127754,0.330744,-0.820393
8h8d,25,26,35.640892,0.525319,-0.541171
8s8d,25,27,35.633728,0.525172,-0.535199
9d8d,25,29,73.826508,0.454718,13.712067
Ad8d,25,49,94.196976,0.590108,36.372845
8s8h,26,27,38.870838,0.496251,-0.368641
9h8h,26,30,60.730003,0.219276,-0.904934
Ah8h,26,50,64.499290,0.360647,-0.737901
9s8s,27,31,60.553471,0.183913,-0.814125
As8s,27,51,50.127754,0.330744,-0.820393
9d9c,28,29,29.721165,0.544903,0.103436
9h9c,28,30,29.614853,0.516321,-0.553429
9s9c,28,31,29.106808,0.516294,-0.550144
Kc9c,28,44,75.544357,0.232802,-0.835789
Ac9c,28,48,50.976700,0.341221,-0.838158
9h9d,29,30,30.015104,0.544997,0.125348
9s9d,29,31,29.721165,0.544903,0.103436
Kd9d,29,45,98.347847,0.500267,22.858311
Ad9d,29,49,76.885651,0.595597,36.427933
9s9h,30,31,29.614853,0.516321,-0.553429
Kh9h,30,46,64.254356,0.267958,-0.953270
Ah9h,30,50,59.391872,0.370310,-0.734779
Ks9s,31,47,75.544357,0.232802,-0.835789
As9s,31,51,50.976700,0.341221,-0.838158
ThTc,32,34,42.637684,0.908750,108.367233
TsTc,32,35,42.818020,0.908004,108.073517
JcTc,32,36,47.028282,0.592864,8.157356
QcTc,32,40,46.177601,0.597423,10.441423
KcTc,32,44,46.973793,0.596317,10.601142
AcTc,32,48,64.548698,0.633617,23.894512
TsTh,34,35,42.637684,0.908750,108.367233
JhTh,34,38,47.353539,0.613966,15.663735
QhTh,34,42,51.271221,0.618941,16.587784
KhTh,34,46,58.256500,0.616907,15.550380
AhTh,34,50,60.490074,0.653797,28.770058
JsTs,35,39,47.028282,0.592864,8.157356
QsTs,35,43,46.177601,0.597423,10.441423
KsTs,35,47,46.973793,0.596317,10.601142
AsTs,35,51,64.548698,0.633617,23.894512
JdJc,36,37,63.488747,0.665630,37.814655
JhJc,36,38,69.812241,0.639802,32.673809
JsJc,36,39,70.769005,0.638348,32.521286
QcJc,36,40,70.174049,0.239270,-1.807212
KcJc,36,44,69.575356,0.279051,-1.109299
AcJc,36,48,59.142689,0.391342,-0.752063
AdJc,36,49,54.796463,0.432461,0.300985
AhJc,36,50,57.631824,0.391801,-0.726143
AsJc,36,51,59.148136,0.391342,-0.752062
JhJd,37,38,62.672970,0.667061,37.965240
JsJd,37,39,63.488747,0.665630,37.814655
QdJd,37,41,82.804787,0.496365,26.521301
KdJd,37,45,70.799049,0.526591,27.813345
AcJd,37,48,55.057114,0.421808,-0.834853
AdJd,37,49,56.241669,0.627293,41.814674
AhJd,37,50,56.594925,0.422342,-0.763521
AsJd,37,51,55.057114,0.421808,-0.834853
JsJh,38,39,69.812241,0.639802,32.673809
QhJh,38,42,64.560448,0.274235,-1.728094
KhJh,38,46,58.059528,0.312089,-0.930307
AcJh,38,48,55.749851,0.391794,-0.775905
AdJh,38,49,55.410519,0.432975,0.283771
AhJh,38,50,53.194992,0.418762,-0.616834
AsJh,38,51,55.749851,0.391794,-0.775905
QsJs,39,43,70.174049,0.239270,-1.807212
KsJs,39,47,69.575356,0.279051,-1.109299
AcJs,39,48,59.148136,0.391342,-0.752062
AdJs,39,49,54.796463,0.432461,0.300985
AhJs,39,50,57.631824,0.391801,-0.726143
AsJs,39,51,59.142689,0.391342,-0.752063
QdQc,40,41,63.265011,0.730160,56.737988
QhQc,40,42,68.408653,0.702979,51.518562
QsQc,40,43,69.184387,0.701936,51.617554
KcQc,40,44,61.387913,0.326579,-0.913202
KdQc,40,45,58.407761,0.357214,-0.769022
KhQc,40,46,62.608250,0.326904,-0.924584
KsQc,40,47,61.430977,0.326579,-0.913183
AcQc,40,48,50.485867,0.434551,-0.490182
AdQc,40,49,47.570175,0.473783,1.396782
AhQc,40,50,53.236885,0.435286,-0.468220
AsQc,40,51,50.452900,0.434551,-0.490178
QhQd,41,42,62.104164,0.731267,56.641834
QsQd,41,43,63.265011,0.730160,56.737988
KcQd,41,44,59.593765,0.360902,-0.897071
KdQd,41,45,65.858139,0.555825,29.659578
KhQd,41,46,60.805614,0.361272,-0.840901
KsQd,41,47,59.593765,0.360902,-0.897071
AcQd,41,48,43.695320,0.467018,0.706936
AdQd,41,49,55.531246,0.655564,43.909885
AhQd,41,50,47.691730,0.467783,0.797255
AsQd,41,51,43.695320,0.467018,0.706936
QsQh,42,43,68.408653,0.702979,51.518562
KcQh,42,44,62.325607,0.327143,-1.008244
KdQh,42,45,58.972733,0.357826,-0.762092
KhQh,42,46,58.488354,0.357389,-0.874905
KsQh,42,47,62.325607,0.327143,-1.008244
AcQh,42,48,50.687298,0.435757,-0.517857
AdQh,42,49,48.014107,0.475066,1.477784
AhQh,42,50,43.392887,0.461044,0.515680
AsQh,42,51,50.687298,0.435757,-0.517857
KcQs,43,44,61.430977,0.326579,-0.913183
KdQs,43,45,58.407761,0.357214,-0.769022
KhQs,43,46,62.608250,0.326904,-0.924584
KsQs,43,47,61.387913,0.326579,-0.913202
AcQs,43,48,50.452900,0.434551,-0.490178
AdQs,43,49,47.570175,0.473783,1.396782
AhQs,43,50,53.236885,0.435286,-0.468220
AsQs,43,51,50.485867,0.434551,-0.490182
KdKc,44,45,64.379227,0.761018,65.845299
KhKc,44,46,72.471642,0.731671,60.740189
KsKc,44,47,74.412941,0.730850,60.948696
AcKc,44,48,44.338615,0.459702,-0.336246
AdKc,44,49,40.896946,0.498187,1.556935
AhKc,44,50,44.508213,0.460691,-0.322544
AsKc,44,51,40.674210,0.459802,-0.336907
KhKd,45,46,62.230228,0.761974,65.665298
KsKd,45,47,64.379227,0.761018,65.845299
AcKd,45,48,36.967075,0.489857,0.849277
AdKd,45,49,47.963081,0.665724,41.678509
AhKd,45,50,38.359058,0.490803,0.938343
AsKd,45,51,36.967075,0.489857,0.849277
KsKh,46,47,72.471642,0.731671,60.740189
AcKh,46,48,43.053150,0.460753,-0.314078
AdKh,46,49,41.610897,0.499260,1.688657
AhKh,46,50,35.349846,0.484773,1.242919
AsKh,46,51,43.053150,0.460753,-0.314078
AcKs,47,48,40.674210,0.459802,-0.336907
AdKs,47,49,40.896946,0.498187,1.556935
AhKs,47,50,44.508213,0.460691,-0.322544
AsKs,47,51,44.338615,0.459702,-0.336246
AdAc,48,49,60.934383,0.810537,72.438591
AhAc,48,50,67.237503,0.769807,64.406487
AsAc,48,51,67.354515,0.767113,64.056320
AhAd,49,50,57.041504,0.813092,72.737938
AsAd,49,51,60.934383,0.810537,72.438591
AsAh,50,51,67.237503,0.769807,64.406487

# PLAYER: IP
hands_count: 271
hand,card1,card2,weight,equity,ev
2d2c,0,1,40.677586,0.462220,34.821892
2h2c,0,2,41.974197,0.440212,34.647057
2s2c,0,3,42.060558,0.439349,34.625740
Ac2c,0,48,29.053822,0.406136,34.585819
2h2d,1,2,40.174431,0.463083,34.843163
2s2d,1,3,40.677586,0.462220,34.821892
Ad2d,1,49,85.018768,0.639382,71.575668
2s2h,2,3,41.974197,0.440212,34.647057
Ah2h,2,50,16.157040,0.435644,34.785622
As2s,3,51,29.053822,0.406136,34.585819
3d3c,4,5,98.545975,0.901050,117.989304
3s3c,4,7,98.544090,0.898083,117.321198
5c3c,4,12,96.488869,0.804113,93.328285
Ac3c,4,48,24.809151,0.501693,33.976688
3s3d,5,7,98.545975,0.901050,117.989304
Ad3d,5,49,74.004265,0.709997,72.213379
5s3s,7,15,96.488869,0.804113,93.328285
As3s,7,51,24.809151,0.501693,33.976688
4d4c,8,9,39.405830,0.481158,35.176792
4h4c,8,10,41.143726,0.460862,34.882309
4s4c,8,11,40.517696,0.459469,34.758347
5c4c,8,12,14.265266,0.519837,34.661465
6c4c,8,16,2.218029,0.396132,36.344200
Ac4c,8,48,25.306023,0.420796,34.777168
4h4d,9,10,39.707737,0.482529,35.298584
4s4d,9,11,39.405830,0.481158,35.176792
6d4d,9,17,85.208298,0.592234,63.449265
Ad4d,9,49,84.615807,0.647397,73.017220
4s4h,10,11,41.143726,0.460862,34.882309
5h4h,10,14,5.127731,0.543957,37.462471
6h4h,10,18,0.116933,0.421567,39.740677
Ah4h,10,50,11.225736,0.449544,35.136726
5s4s,11,15,14.265266,0.519837,34.661465
6s4s,11,19,2.218029,0.396132,36.344200
As4s,11,51,25.306023,0.420796,34.777168
5h5c,12,14,94.273262,0.897500,117.068626
5s5c,12,15,94.378799,0.896734,117.616486
6c5c,12,16,7.528774,0.520733,34.230865
7c5c,12,20,24.272858,0.513473,34.251350
Kc5c,12,44,14.875436,0.527431,34.659836
Ac5c,12,48,14.939449,0.541252,34.761642
5s5h,14,15,94.273262,0.897500,117.068626
6h5h,14,18,4.282479,0.545915,36.560345
7h5h,14,22,7.042007,0.538664,35.553169
Kh5h,14,46,4.430298,0.555210,37.156593
Ah5h,14,50,4.239263,0.567222,38.495071
6s5s,15,19,7.528774,0.520733,34.230865
7s5s,15,23,24.272858,0.513473,34.251350
Ks5s,15,47,14.875436,0.527431,34.659836
As5s,15,51,14.939449,0.541252,34.761642
6d6c,16,17,32.022949,0.533295,34.844559
6h6c,16,18,36.109085,0.507159,34.083767
6s6c,16,19,34.522888,0.505320,33.971863
7c6c,16,20,25.075708,0.290875,34.167168
8c6c,16,24,25.284966,0.187275,32.948994
9c6c,16,28,25.590046,0.209185,32.938683
Kc6c,16,44,28.270849,0.247856,33.383797
Ac6c,16,48,27.380068,0.334950,33.088478
6h6d,17,18,33.249149,0.535126,34.964264
6s6d,17,19,32.022949,0.533295,34.844559
7d6d,17,21,34.671810,0.529016,51.345119
8d6d,17,25,7.900221,0.467926,40.532326
9d6d,17,29,13.773070,0.487814,42.366364
Kd6d,17,45,63.556061,0.526710,51.582695
Ad6d,17,49,81.581161,0.598317,61.657394
6s6h,18,19,36.109085,0.507159,34.083767
7h6h,18,22,23.044254,0.322526,34.643898
8h6h,18,26,28.945723,0.224845,33.346031
9h6h,18,30,29.385262,0.246265,33.363342
Kh6h,18,46,32.170811,0.285525,34.023396
Ah6h,18,50,31.112522,0.369780,33.878727
7s6s,19,23,25.075708,0.290875,34.167168
8s6s,19,27,25.284966,0.187275,32.948994
9s6s,19,31,25.590046,0.209185,32.938683
Ks6s,19,47,28.270849,0.247856,33.383797
As6s,19,51,27.380068,0.334950,33.088478
7d7c,20,21,35.448517,0.550546,35.083946
7h7c,20,22,36.875008,0.524857,34.199856
7s7c,20,23,37.067215,0.522974,34.111115
8c7c,20,24,25.312498,0.196311,33.002922
9c7c,20,28,26.048962,0.220623,33.050941
Tc7c,20,32,13.955403,0.628528,39.668617
Kc7c,20,44,27.914907,0.239236,33.377693
Ac7c,20,48,27.527582,0.335913,33.133923
7h7d,21,22,32.633114,0.552407,35.193523
7s7d,21,23,35.448517,0.550546,35.083946
8d7d,21,25,7.797611,0.475832,40.732903
9d7d,21,29,9.203085,0.495915,42.446625
Kd7d,21,45,60.228760,0.521419,50.355228
Ad7d,21,49,82.139336,0.598847,61.590897
7s7h,22,23,36.875008,0.524857,34.199856
8h7h,22,26,29.195419,0.233707,33.439072
9h7h,22,30,29.955511,0.257103,33.496876
Th7h,22,34,3.815224,0.649525,44.445538
Kh7h,22,46,31.979696,0.277225,34.010216
Ah7h,22,50,31.290613,0.370472,33.921524
8s7s,23,27,25.312498,0.196311,33.002922
9s7s,23,31,26.048962,0.220623,33.050941
Ts7s,23,35,13.955403,0.628528,39.668617
Ks7s,23,47,27.914907,0.239236,33.377693
As7s,23,51,27.527582,0.335913,33.133923
8d8c,24,25,23.680082,0.569498,35.179115
8h8c,24,26,26.775902,0.540753,33.781624
8s8c,24,27,27.790085,0.538884,33.749386
9c8c,24,28,24.834585,0.227383,32.889626
Tc8c,24,32,14.479193,0.621356,38.495518
Jc8c,24,36,30.502806,0.228744,33.756889
Qc8c,24,40,27.990101,0.217167,33.368328
Kc8c,24,44,26.225485,0.227496,33.143864
Ac8c,24,48,27.076429,0.334418,33.023972
8h8d,25,26,22.438961,0.571368,35.198112
8s8d,25,27,23.680082,0.569498,35.179115
9d8d,25,29,8.714464,0.505754,43.637444
Jd8d,25,37,28.581556,0.509193,46.766350
Qd8d,25,41,33.220802,0.504226,46.603081
Kd8d,25,45,75.639893,0.519826,51.070076
Ad8d,25,49,82.480141,0.599348,60.783863
8s8h,26,27,26.775902,0.540753,33.781624
9h8h,26,30,28.280416,0.263675,33.293884
Th8h,26,34,4.750267,0.642864,42.509113
Jh8h,26,38,33.553719,0.265771,34.282841
Qh8h,26,42,31.426023,0.255503,33.956524
Kh8h,26,46,29.792759,0.266372,33.697002
Ah8h,26,50,30.312128,0.368525,33.764153
9s8s,27,31,24.834585,0.227383,32.889626
Ts8s,27,35,14.479193,0.621356,38.495518
Js8s,27,39,30.502806,0.228744,33.756889
Qs8s,27,43,27.990101,0.217167,33.368328
Ks8s,27,47,26.225485,0.227496,33.143864
As8s,27,51,27.076429,0.334418,33.023972
9d9c,28,29,17.406456,0.596792,35.629642
9h9c,28,30,18.900621,0.568580,33.949234
9s9c,28,31,21.245420,0.566460,33.899254
Tc9c,28,32,16.920387,0.620910,38.414913
Jc9c,28,36,31.341612,0.241226,33.863754
Qc9c,28,40,28.873213,0.230021,33.462925
Kc9c,28,44,28.636393,0.247999,33.403938
Ac9c,28,48,27.805647,0.349157,33.056244
9h9d,29,30,16.591240,0.598927,35.688877
9s9d,29,31,17.406456,0.596792,35.629642
Jd9d,29,37,29.827414,0.517630,48.617424
Qd9d,29,41,36.869598,0.512958,48.556320
Kd9d,29,45,76.560577,0.530305,51.810223
Ad9d,29,49,78.580780,0.607466,59.486038
9s9h,30,31,18.900621,0.568580,33.949234
Th9h,30,34,5.482078,0.642610,42.567432
Jh9h,30,38,34.284191,0.277484,34.395111
Qh9h,30,42,32.204380,0.267495,34.065918
Kh9h,30,46,31.621561,0.285866,33.948238
Ah9h,30,50,31.006763,0.382498,33.785580
Ts9s,31,35,16.920387,0.620910,38.414913
Js9s,31,39,31.341612,0.241226,33.863754
Qs9s,31,43,28.873213,0.230021,33.462925
Ks9s,31,47,28.636393,0.247999,33.403938
As9s,31,51,27.805647,0.349157,33.056244
ThTc,32,34,88.821930,0.917429,118.206619
TsTc,32,35,88.855286,0.916734,118.088470
JcTc,32,36,16.204208,0.649450,41.718609
QcTc,32,40,9.565823,0.659631,43.531879
KcTc,32,44,33.265800,0.668347,48.320267
AcTc,32,48,79.170753,0.689223,54.536415
AdTc,32,49,69.091415,0.726415,59.006401
AhTc,32,50,76.662155,0.692181,54.164688
AsTc,32,51,78.908447,0.690600,54.607773
TsTh,34,35,88.821930,0.917429,118.206619
JhTh,34,38,4.889281,0.670048,47.479137
QhTh,34,42,19.369797,0.679595,50.043930
KhTh,34,46,58.123741,0.688126,53.378716
AcTh,34,48,78.147629,0.692027,54.750763
AdTh,34,49,67.781471,0.727886,59.167984
AhTh,34,50,74.435318,0.707610,58.032375
AsTh,34,51,78.147629,0.692027,54.750763
JsTs,35,39,16.204208,0.649450,41.718609
QsTs,35,43,9.565823,0.659631,43.531879
KsTs,35,47,33.265800,0.668347,48.320267
AcTs,35,48,78.908447,0.690600,54.607773
AdTs,35,49,69.091415,0.726415,59.006401
AhTs,35,50,76.662155,0.692181,54.164688
AsTs,35,51,79.170753,0.689223,54.536415
JdJc,36,37,68.936554,0.685472,53.964970
JhJc,36,38,64.608818,0.661914,49.319611
JsJc,36,39,66.424461,0.659503,49.178211
QcJc,36,40,38.117126,0.257936,34.828190
KcJc,36,44,35.348457,0.280130,34.569546
KdJc,36,45,49.593319,0.315182,36.610432
KhJc,36,46,36.003944,0.281009,34.609482
KsJc,36,47,33.911648,0.278418,34.401455
AcJc,36,48,32.830288,0.402289,34.284019
AdJc,36,49,43.780354,0.439934,37.612610
AhJc,36,50,33.569218,0.403247,34.544651
AsJc,36,51,32.830315,0.402289,34.283974
JhJd,37,38,69.435867,0.687830,54.130062
JsJd,37,39,68.936554,0.685472,53.964970
QdJd,37,41,77.827003,0.528912,54.016808
KcJd,37,44,44.285141,0.310635,35.878841
KdJd,37,45,82.393188,0.550041,56.097553
KhJd,37,46,46.381760,0.313171,36.071857
KsJd,37,47,44.285141,0.310635,35.878841
AcJd,37,48,38.287907,0.432720,35.775539
AdJd,37,49,76.618164,0.642717,64.617111
AhJd,37,50,39.026932,0.433747,36.033230
AsJd,37,51,38.287907,0.432720,35.775539
JsJh,38,39,64.608818,0.661914,49.319611
QhJh,38,42,42.915791,0.294246,35.516113
KcJh,38,44,35.167004,0.280507,34.564266
KdJh,38,45,50.648712,0.317240,36.741337
KhJh,38,46,39.440998,0.317621,35.231010
KsJh,38,47,35.167004,0.280507,34.564266
AcJh,38,48,33.375626,0.405100,34.437935
AdJh,38,49,43.319096,0.442720,37.749573
AhJh,38,50,29.297623,0.434083,35.144836
AsJh,38,51,33.375626,0.405100,34.437935
QsJs,39,43,38.117126,0.257936,34.828190
KcJs,39,44,33.911648,0.278418,34.401455
KdJs,39,45,49.593319,0.315182,36.610432
KhJs,39,46,36.003944,0.281009,34.609482
KsJs,39,47,35.348457,0.280130,34.569546
AcJs,39,48,32.830315,0.402289,34.283974
AdJs,39,49,43.780354,0.439934,37.612610
AhJs,39,50,33.569218,0.403247,34.544651
AsJs,39,51,32.830288,0.402289,34.284019
QdQc,40,41,84.880905,0.739996,70.052742
QhQc,40,42,84.623459,0.715775,65.628708
QsQc,40,43,84.510513,0.713654,65.652191
KcQc,40,44,34.652431,0.318478,34.364292
KdQc,40,45,49.099819,0.355657,36.504745
KhQc,40,46,36.306870,0.321704,34.565582
KsQc,40,47,34.655418,0.318479,34.364529
AcQc,40,48,31.612478,0.459443,34.116173
AdQc,40,49,39.676510,0.496902,37.208611
AhQc,40,50,32.473305,0.460865,34.390835
AsQc,40,51,31.612127,0.459443,34.116188
QhQd,41,42,84.983833,0.742103,70.014969
QsQd,41,43,84.880905,0.739996,70.052742
KcQd,41,44,45.052578,0.351429,35.951107
KdQd,41,45,80.163475,0.576433,57.422401
KhQd,41,46,46.809021,0.354566,36.133728
KsQd,41,47,45.052578,0.351429,35.951107
AcQd,41,48,32.974701,0.490521,35.512344
AdQd,41,49,72.385902,0.680914,67.416740
AhQd,41,50,33.085239,0.491944,35.679264
AsQd,41,51,32.974701,0.490521,35.512344
QsQh,42,43,84.623459,0.715775,65.628708
KcQh,42,44,35.811844,0.320429,34.576302
KdQh,42,45,50.508987,0.357576,36.704468
KhQh,42,46,36.326153,0.355009,35.096962
KsQh,42,47,35.811844,0.320429,34.576302
AcQh,42,48,32.291458,0.461862,34.328648
AdQh,42,49,38.594208,0.499281,37.220535
AhQh,42,50,20.857414,0.488681,34.571026
AsQh,42,51,32.291458,0.461862,34.328648
KcQs,43,44,34.655418,0.318479,34.364529
KdQs,43,45,49.099819,0.355657,36.504745
KhQs,43,46,36.306870,0.321704,34.565582
KsQs,43,47,34.652431,0.318478,34.364292
AcQs,43,48,31.612127,0.459443,34.116188
AdQs,43,49,39.676510,0.496902,37.208611
AhQs,43,50,32.473305,0.460865,34.390835
AsQs,43,51,31.612478,0.459443,34.116173
AdKc,44,49,25.748257,0.546989,36.644768
AhKc,44,50,20.919746,0.511863,33.799015
AsKc,44,51,20.938683,0.510160,33.564842
AcKd,45,48,25.968470,0.544680,36.058895
AhKd,45,50,26.919689,0.546362,36.216125
AsKd,45,51,25.968470,0.544680,36.058895
AcKh,46,48,19.429703,0.513551,33.742569
AdKh,46,49,22.995838,0.550292,36.791714
AsKh,46,51,19.429703,0.513551,33.742569
AcKs,47,48,20.938683,0.510160,33.564842
AdKs,47,49,25.748257,0.546989,36.644768
AhKs,47,50,20.919746,0.511863,33.799015

# STRATEGY
num_actions: 3
actions: Fold,Call,Raise(87)
strategy_data:
0.508408,0.136549,0.355043
0.589785,0.184204,0.226012
0.000000,0.018180,0.981820
0.284279,0.176272,0.539449
0.397157,0.275001,0.327842
0.508408,0.136549,0.355043
0.589785,0.184204,0.226012
0.541714,0.134240,0.324046
0.630052,0.074101,0.295847
0.705897,0.050850,0.243253
0.602845,0.082339,0.314817
0.319075,0.182199,0.498726
0.387701,0.176857,0.435441
0.485733,0.204403,0.309865
0.341960,0.132960,0.525080
0.541714,0.134240,0.324046
0.630052,0.074101,0.295847
0.705897,0.050850,0.243253
0.602845,0.082339,0.314817
0.726556,0.034647,0.238797
0.939439,0.005665,0.054896
0.939177,0.005650,0.055173
0.791241,0.066776,0.141983
0.923065,0.000000,0.076935
0.918574,0.000000,0.081426
0.728707,0.034870,0.236423
0.726556,0.034647,0.238797
0.000000,0.232374,0.767626
0.045239,0.431589,0.523173
0.031559,0.419621,0.548820
0.939439,0.005665,0.054896
0.691155,0.128474,0.180370
0.905929,0.000000,0.094071
0.902334,0.000000,0.097666
0.791241,0.066776,0.141983
0.923065,0.000000,0.076935
0.918574,0.000000,0.081426
0.744471,0.048857,0.206672
0.946353,0.006187,0.047459
0.945455,0.007317,0.047228
0.921073,0.000000,0.078927
0.916460,0.000000,0.083540
0.744671,0.050568,0.204761
0.744471,0.048857,0.206672
0.044469,0.422939,0.532592
0.027631,0.407859,0.564510
0.946353,0.006187,0.047459
0.902463,0.000000,0.097537
0.898209,0.000000,0.101791
0.921073,0.000000,0.078927
0.916460,0.000000,0.083540
0.769637,0.055399,0.174965
0.955912,0.005289,0.038799
0.955539,0.005380,0.039081
0.914881,0.000000,0.085119
0.917805,0.000000,0.082195
0.769253,0.057167,0.173580
0.769637,0.055399,0.174965
0.022674,0.398434,0.578892
0.000000,0.030682,0.969318
0.955912,0.005289,0.038799
0.898598,0.000000,0.101402
0.912182,0.000226,0.087592
0.914881,0.000000,0.085119
0.917805,0.000000,0.082195
0.675729,0.132464,0.191807
0.920209,0.013842,0.065949
0.919559,0.014103,0.066339
0.920212,0.000000,0.079788
0.917975,0.000000,0.082024
0.673479,0.135257,0.191263
0.675729,0.132464,0.191807
0.000064,0.050833,0.949103
0.000000,0.026210,0.973790
0.920209,0.013842,0.065949
0.895224,0.000000,0.104776
0.913638,0.000000,0.086362
0.920212,0.000000,0.079788
0.917975,0.000000,0.082024
0.000000,0.406959,0.593041
0.000000,0.392812,0.607188
0.166664,0.162293,0.671043
0.091999,0.171847,0.736154
0.088990,0.199037,0.711973
0.011672,0.000000,0.988328
0.000000,0.406959,0.593041
0.044245,0.216462,0.739293
0.050324,0.164752,0.784923
0.156624,0.325739,0.517637
0.000000,0.005254,0.994746
0.166664,0.162293,0.671043
0.091999,0.171847,0.736154
0.088990,0.199037,0.711973
0.011672,0.000000,0.988328
0.000000,0.000000,1.000000
0.000000,0.000000,1.000000
0.000000,0.000000,1.000000
0.734378,0.041729,0.223892
0.878515,0.000000,0.121485
0.913407,0.002367,0.084226
0.630397,0.068421,0.301183
0.912072,0.002214,0.085714
0.913406,0.002369,0.084224
0.000000,0.000000,1.000000
0.000000,0.000000,1.000000
0.000000,0.062003,0.937997
0.000000,0.053630,0.946370
0.750184,0.045002,0.204814
0.000000,0.010085,0.989914
0.742594,0.053894,0.203512
0.750184,0.045002,0.204814
0.000000,0.000000,1.000000
0.659104,0.094245,0.246651
0.863690,0.042145,0.094164
0.911557,0.002612,0.085832
0.625645,0.071673,0.302682
0.838576,0.024139,0.137285
0.911557,0.002612,0.085832
0.734378,0.041729,0.223892
0.878515,0.000000,0.121485
0.913406,0.002369,0.084224
0.630397,0.068421,0.301183
0.912072,0.002214,0.085714
0.913407,0.002367,0.084226
0.000000,0.000000,1.000000
0.000000,0.000000,1.000000
0.000000,0.000000,1.000000
0.887402,0.011618,0.100980
0.705234,0.102279,0.192487
0.882571,0.016103,0.101326
0.887399,0.011630,0.100971
0.905345,0.004761,0.089893
0.558065,0.109849,0.332085
0.903550,0.004856,0.091594
0.905345,0.004764,0.089891
0.000000,0.000000,1.000000
0.000000,0.000000,1.000000
0.711892,0.103796,0.184312
0.000000,0.039332,0.960668
0.710929,0.103663,0.185408
0.711892,0.103796,0.184312
0.613693,0.068563,0.317744
0.000000,0.008290,0.991710
0.609047,0.074710,0.316243
0.613693,0.068563,0.317744
0.000000,0.000000,1.000000
0.872565,0.024326,0.103110
0.696922,0.108810,0.194269
0.803205,0.102415,0.094380
0.872565,0.024326,0.103110
0.896441,0.004752,0.098808
0.555163,0.109224,0.335613
0.638304,0.065084,0.296612
0.896441,0.004752,0.098808
0.887399,0.011630,0.100971
0.705234,0.102279,0.192487
0.882571,0.016103,0.101326
0.887402,0.011618,0.100980
0.905345,0.004764,0.089891
0.558065,0.109849,0.332085
0.903550,0.004856,0.091594
0.905345,0.004761,0.089893
0.000000,0.006692,0.993308
0.000000,0.000000,1.000000
0.000000,0.000000,1.000000
0.926549,0.005303,0.068147
0.558768,0.146044,0.295187
0.923624,0.005375,0.071002
0.924070,0.005327,0.070603
0.000000,0.009889,0.990111
0.000000,0.006692,0.993308
0.573799,0.110567,0.315634
0.000000,0.011002,0.988998
0.577175,0.115950,0.306874
0.573799,0.110567,0.315634
0.000000,0.000000,1.000000
0.922502,0.005371,0.072127
0.554903,0.148272,0.296825
0.591873,0.098137,0.309991
0.922502,0.005371,0.072127
0.924070,0.005327,0.070603
0.558768,0.146044,0.295187
0.923624,0.005375,0.071002
0.926549,0.005303,0.068147
0.000000,0.258757,0.741243
0.000000,0.076785,0.923215
0.000000,0.073714,0.926286
0.000000,0.251791,0.748209
0.000000,0.258757,0.741243
0.000000,0.076785,0.923215
action_ev_data:
0.000000,4.397706,6.699239
0.000000,-0.881536,-1.790632
0.000000,47.780327,51.013306
0.000000,9.326919,11.980508
0.000000,4.393836,4.144690
0.000000,4.397706,6.699239
0.000000,-0.881536,-1.790632
0.000000,4.599802,5.367961
0.000000,2.636101,2.862686
0.000000,1.742895,0.349911
0.000000,2.512398,3.476112
0.000000,9.891978,10.883678
0.000000,7.947361,8.761333
0.000000,7.006243,6.522271
0.000000,9.001380,9.745686
0.000000,4.599802,5.367961
0.000000,2.636101,2.862686
0.000000,1.742895,0.349911
0.000000,2.512398,3.476112
0.000000,0.957897,-0.673679
0.000000,-2.160072,-6.318369
0.000000,-2.467394,-6.307985
0.000000,-3.655926,-4.382021
0.000000,-16.546524,-9.078991
0.000000,-16.464710,-9.158409
0.000000,1.267460,-0.696238
0.000000,0.957897,-0.673679
0.000000,24.272457,25.735619
0.000000,11.899774,13.202152
0.000000,11.977163,13.223374
0.000000,-2.160072,-6.318369
0.000000,-0.870716,-3.396627
0.000000,-14.071861,-8.391748
0.000000,-13.770912,-8.416496
0.000000,-3.655926,-4.382021
0.000000,-16.546524,-9.078991
0.000000,-16.464710,-9.158409
0.000000,1.266174,-2.482079
0.000000,-1.641138,-7.739729
0.000000,-1.913074,-7.817406
0.000000,-16.788624,-9.396669
0.000000,-16.552959,-9.402802
0.000000,1.519356,-2.438087
0.000000,1.266174,-2.482079
0.000000,11.799242,13.535946
0.000000,11.850687,13.714092
0.000000,-1.641138,-7.739729
0.000000,-14.097431,-8.543509
0.000000,-13.535713,-8.525314
0.000000,-16.788624,-9.396669
0.000000,-16.552959,-9.402802
0.000000,2.548983,-3.865976
0.000000,-0.635054,-9.414785
0.000000,-0.748539,-9.271572
0.000000,-16.898151,-9.564514
0.000000,-13.679657,-9.981087
0.000000,2.657753,-3.993002
0.000000,2.548983,-3.865976
0.000000,12.597567,15.016213
0.000000,30.119461,36.570786
0.000000,-0.635054,-9.414785
0.000000,-13.876835,-8.924189
0.000000,-9.639008,-8.399462
0.000000,-16.898151,-9.564514
0.000000,-13.679657,-9.981087
0.000000,5.011032,-2.921400
0.000000,1.693071,-8.747139
0.000000,1.511171,-8.614239
0.000000,-14.376949,-10.475105
0.000000,-13.089642,-10.218384
0.000000,5.203619,-3.024525
0.000000,5.011032,-2.921400
0.000000,19.342623,23.048159
0.000000,30.551895,36.586090
0.000000,1.693071,-8.747139
0.000000,-10.764040,-9.098166
0.000000,-8.819233,-8.508135
0.000000,-14.376949,-10.475105
0.000000,-13.089642,-10.218384
0.000000,115.480438,103.485985
0.000000,115.167458,103.484177
0.000000,14.099751,8.746176
0.000000,15.001501,10.681810
0.000000,15.508820,10.554215
0.000000,27.512466,24.176712
0.000000,115.480438,103.485985
0.000000,20.845400,15.084002
0.000000,21.988729,16.517653
0.000000,22.393045,15.949582
0.000000,33.945156,28.742725
0.000000,14.099751,8.746176
0.000000,15.001501,10.681810
0.000000,15.508820,10.554215
0.000000,27.512466,24.176712
0.000000,40.621914,37.814655
0.000000,34.993439,32.673809
0.000000,34.687031,32.521286
0.000000,-8.952253,-6.403257
0.000000,-9.406193,-9.131145
0.000000,-7.455133,-8.719564
0.000000,-0.411366,1.092793
0.000000,-6.903679,-8.293385
0.000000,-7.455793,-8.719534
0.000000,40.916191,37.965240
0.000000,40.621914,37.814655
0.000000,25.383505,26.596512
0.000000,26.703213,27.876255
0.000000,-3.695412,-3.264191
0.000000,39.921738,41.833961
0.000000,-3.155922,-2.915977
0.000000,-3.695412,-3.264191
0.000000,34.993439,32.673809
0.000000,-5.185822,-5.024742
0.000000,-5.306454,-7.504595
0.000000,-7.194174,-8.820959
0.000000,-0.165110,0.976620
0.000000,-2.126451,-4.119205
0.000000,-7.194174,-8.820959
0.000000,-8.952253,-6.403257
0.000000,-9.406193,-9.131145
0.000000,-7.455793,-8.719534
0.000000,-0.411366,1.092793
0.000000,-6.903679,-8.293385
0.000000,-7.455133,-8.719564
0.000000,59.197079,56.737988
0.000000,52.547897,51.518562
0.000000,52.392483,51.617554
0.000000,-7.504585,-8.179964
0.000000,-2.834433,-2.489100
0.000000,-7.202515,-7.980167
0.000000,-7.504276,-8.179680
0.000000,-4.678923,-5.205109
0.000000,2.039797,3.531357
0.000000,-4.218779,-4.888222
0.000000,-4.678795,-5.205048
0.000000,59.348225,56.641834
0.000000,59.197079,56.737988
0.000000,-2.718643,-3.336123
0.000000,29.980042,29.646460
0.000000,-2.429375,-3.177126
0.000000,-2.718643,-3.336123
0.000000,-0.292786,2.288038
0.000000,44.010849,43.909042
0.000000,0.163242,2.482456
0.000000,-0.292786,2.288038
0.000000,52.547897,51.518562
0.000000,-7.303646,-8.055283
0.000000,-2.628651,-2.450571
0.000000,-2.979929,-6.036419
0.000000,-7.303646,-8.055283
0.000000,-4.459921,-5.026579
0.000000,2.292574,3.657127
0.000000,1.001169,1.518888
0.000000,-4.459921,-5.026579
0.000000,-7.504276,-8.179680
0.000000,-2.834433,-2.489100
0.000000,-7.202515,-7.980167
0.000000,-7.504585,-8.179964
0.000000,-4.678795,-5.205048
0.000000,2.039797,3.531357
0.000000,-4.218779,-4.888222
0.000000,-4.678923,-5.205109
0.000000,69.983994,65.817413
0.000000,62.172539,60.740189
0.000000,62.161411,60.948696
0.000000,-2.635799,-4.728981
0.000000,3.922318,3.333824
0.000000,-2.232960,-4.373735
0.000000,-2.565123,-4.578300
0.000000,70.009583,65.621902
0.000000,69.983994,65.817413
0.000000,1.698177,2.095829
0.000000,44.355118,41.648735
0.000000,2.040133,2.286894
0.000000,1.698177,2.095829
0.000000,62.172539,60.740189
0.000000,-2.396555,-4.176073
0.000000,4.074466,3.653763
0.000000,3.029764,3.050373
0.000000,-2.396555,-4.176073
0.000000,-2.565123,-4.578300
0.000000,3.922318,3.333824
0.000000,-2.232960,-4.373735
0.000000,-2.635799,-4.728981
0.000000,79.085388,70.118279
0.000000,68.786751,64.042175
0.000000,68.281067,63.720123
0.000000,79.671860,70.404495
0.000000,79.085388,70.118279
0.000000,68.786751,64.042175
