# HAND DATA FORMAT 1.0
board_size: 3
board: 3d 5s 9d
pot_oop: 30
pot_ip: 20
current_player: 1

# PLAYER: OOP
hands_count: 189
hand,card1,card2,weight,equity,ev
5c4c,8,12,145.272171,0.555738,13.908183
Ac4c,8,48,133.961884,0.424912,13.111752
5d4d,9,13,216.254150,0.712655,31.198975
Ad4d,9,49,193.216568,0.648315,37.692787
5h4h,10,14,145.272171,0.555738,13.908183
Ah4h,10,50,133.961884,0.424912,13.111752
As4s,11,51,132.955261,0.452030,13.958508
6c5c,12,16,148.644028,0.568273,14.051836
7c5c,12,20,142.438492,0.561103,13.727135
8c5c,12,24,134.176956,0.557572,13.684216
Ac5c,12,48,131.162140,0.572206,14.296437
6d5d,13,17,217.504669,0.724227,32.067955
7d5d,13,21,214.864502,0.721531,31.833860
8d5d,13,25,211.975876,0.724144,32.171158
Ad5d,13,49,165.776550,0.758826,39.098881
6h5h,14,18,148.644028,0.568273,14.051836
7h5h,14,22,142.438492,0.561103,13.727135
8h5h,14,26,134.176956,0.557572,13.684216
Ah5h,14,50,131.162140,0.572206,14.296437
6d6c,16,17,150.896210,0.584423,14.561917
6h6c,16,18,142.718857,0.558832,13.658183
6s6c,16,19,147.570679,0.561563,13.863681
7c6c,16,20,138.405975,0.407466,16.700098
8c6c,16,24,159.026199,0.304649,13.495661
9c6c,16,28,166.138458,0.655178,17.387760
6h6d,17,18,150.896210,0.584423,14.561917
6s6d,17,19,148.850159,0.587084,14.773161
7d6d,17,21,194.457748,0.605913,32.092934
8d6d,17,25,211.797729,0.544619,25.484604
6s6h,18,19,147.570679,0.561563,13.863681
7h6h,18,22,138.405975,0.407466,16.700098
8h6h,18,26,159.026199,0.304649,13.495661
9h6h,18,30,166.138458,0.655178,17.387760
7s6s,19,23,160.208649,0.433304,18.415255
8s6s,19,27,126.791542,0.335950,14.225875
9s6s,19,31,194.727753,0.673316,20.648256
7d7c,20,21,139.281219,0.600570,14.787121
7h7c,20,22,141.574051,0.574517,13.798522
7s7c,20,23,137.838028,0.577241,13.888027
8c7c,20,24,133.646133,0.311243,13.361707
9c7c,20,28,162.046082,0.651131,16.843672
7h7d,21,22,139.281219,0.600570,14.787121
7s7d,21,23,141.494629,0.603222,14.868357
8d7d,21,25,223.423584,0.550400,25.894119
7s7h,22,23,137.838028,0.577241,13.888027
8h7h,22,26,133.646133,0.311243,13.361707
9h7h,22,30,162.046082,0.651131,16.843672
8s7s,23,27,124.979492,0.342377,14.194331
9s7s,23,31,194.823593,0.669768,19.883339
8d8c,24,25,132.963699,0.620969,14.986630
8h8c,24,26,127.180992,0.593202,13.981395
8s8c,24,27,127.674530,0.595024,14.130863
9c8c,24,28,157.985199,0.648862,16.378027
Ac8c,24,48,145.918106,0.367262,12.214339
8h8d,25,26,132.963699,0.620969,14.986630
8s8d,25,27,133.610352,0.622783,15.125960
Ad8d,25,49,218.994675,0.617554,30.776209
8s8h,26,27,127.674530,0.595024,14.130863
9h8h,26,30,157.985199,0.648862,16.378027
Ah8h,26,50,145.918106,0.367262,12.214339
9s8s,27,31,185.304688,0.667319,19.249590
As8s,27,51,148.012589,0.399300,13.434916
9h9c,28,30,127.070488,0.915028,64.094910
9s9c,28,31,130.094162,0.916158,63.885017
Kc9c,28,44,183.703751,0.684474,19.139275
Ac9c,28,48,215.866257,0.701025,20.531042
9s9h,30,31,130.094162,0.916158,63.885017
Kh9h,30,46,183.703751,0.684474,19.139275
Ah9h,30,50,215.866257,0.701025,20.531042
Ks9s,31,47,209.711060,0.703397,21.950138
As9s,31,51,188.959778,0.720190,24.137506
TdTc,32,33,210.570480,0.705243,20.413950
ThTc,32,34,183.181885,0.677963,17.949398
TsTc,32,35,180.751602,0.679930,18.056839
JcTc,32,36,189.041809,0.248799,13.273067
QcTc,32,40,181.382034,0.254326,12.868725
KcTc,32,44,193.916519,0.275499,13.512725
AcTc,32,48,142.269470,0.391546,13.141697
ThTd,33,34,210.570480,0.705243,20.413950
TsTd,33,35,205.998749,0.707203,20.519842
JdTd,33,37,238.242157,0.520713,24.249899
QdTd,33,41,242.897903,0.528448,24.149481
KdTd,33,45,226.558884,0.549772,25.551788
AdTd,33,49,190.074951,0.636236,31.542603
TsTh,34,35,180.751602,0.679930,18.056839
JhTh,34,38,189.041809,0.248799,13.273067
QhTh,34,42,181.382034,0.254326,12.868725
KhTh,34,46,193.916519,0.275499,13.512725
AhTh,34,50,142.269470,0.391546,13.141697
JsTs,35,39,189.214050,0.285791,13.959672
QsTs,35,43,176.049393,0.291790,13.566709
KsTs,35,47,183.080597,0.312181,14.411196
AsTs,35,51,150.980713,0.423332,14.310314
JdJc,36,37,205.883408,0.740938,26.852179
JhJc,36,38,210.068634,0.714657,24.080029
JsJc,36,39,207.889252,0.716507,24.119520
QcJc,36,40,161.314331,0.263452,12.417645
KcJc,36,44,160.981033,0.298451,12.790441
AcJc,36,48,162.762604,0.429087,13.144878
AdJc,36,49,168.380997,0.469056,14.248938
AhJc,36,50,162.644104,0.429087,13.152101
AsJc,36,51,170.372665,0.430000,13.400723
JhJd,37,38,205.883408,0.740938,26.852179
JsJd,37,39,203.885727,0.742781,26.872232
QdJd,37,41,239.644150,0.534645,24.675510
KdJd,37,45,222.140457,0.565247,26.056072
AcJd,37,48,164.712341,0.461874,13.111182
AdJd,37,49,180.192093,0.660870,31.993069
AhJd,37,50,164.712341,0.461874,13.111182
AsJd,37,51,166.788818,0.462830,13.308050
JsJh,38,39,207.889252,0.716507,24.119520
QhJh,38,42,161.314331,0.263452,12.417645
KhJh,38,46,160.981033,0.298451,12.790441
AcJh,38,48,162.644104,0.429087,13.152101
AdJh,38,49,168.380997,0.469056,14.248938
AhJh,38,50,162.762604,0.429087,13.144878
AsJh,38,51,170.372665,0.430000,13.400723
QsJs,39,43,166.381729,0.300565,13.275400
KsJs,39,47,146.067245,0.334167,14.025605
AcJs,39,48,169.191437,0.430964,13.254104
AdJs,39,49,165.396423,0.470917,14.380421
AhJs,39,50,169.191437,0.430964,13.254104
AsJs,39,51,161.110031,0.459116,13.466240
QdQc,40,41,198.970566,0.779553,36.046051
QhQc,40,42,200.233704,0.752954,33.702316
QsQc,40,43,197.919312,0.754825,33.725487
KcQc,40,44,143.570236,0.336159,12.375165
KdQc,40,45,167.466019,0.376398,13.382889
KhQc,40,46,143.547089,0.336159,12.373625
KsQc,40,47,151.424774,0.337370,12.610643
AcQc,40,48,140.993851,0.466748,12.641140
AdQc,40,49,144.535843,0.506612,14.259245
AhQc,40,50,141.392929,0.466748,12.646572
AsQc,40,51,150.395248,0.467647,12.866171
QhQd,41,42,198.970566,0.779553,36.046051
QsQd,41,43,196.675507,0.781416,35.990234
KcQd,41,44,159.649826,0.372183,13.217657
KdQd,41,45,203.196381,0.590379,26.893003
KhQd,41,46,159.649826,0.372183,13.217657
KsQd,41,47,165.203857,0.373419,13.387430
AcQd,41,48,140.811722,0.500241,13.203129
AdQd,41,49,186.638275,0.685924,33.061420
AhQd,41,50,140.811722,0.500241,13.203129
AsQd,41,51,138.537216,0.501180,13.402472
QsQh,42,43,197.919312,0.754825,33.725487
KcQh,42,44,143.547089,0.336159,12.373625
KdQh,42,45,167.466019,0.376398,13.382889
KhQh,42,46,143.570236,0.336159,12.375165
KsQh,42,47,151.424774,0.337370,12.610643
AcQh,42,48,141.392929,0.466748,12.646572
AdQh,42,49,144.535843,0.506612,14.259245
AhQh,42,50,140.993851,0.466748,12.641140
AsQh,42,51,150.395248,0.467647,12.866171
KcQs,43,44,146.952927,0.337873,12.592928
KdQs,43,45,167.443985,0.378104,13.570694
KhQs,43,46,146.952927,0.337873,12.592928
KsQs,43,47,148.881821,0.370165,13.651270
AcQs,43,48,142.531723,0.468646,12.802315
AdQs,43,49,140.837265,0.508495,14.387844
AhQs,43,50,142.531723,0.468646,12.802315
AsQs,43,51,134.930267,0.495084,13.266523
KdKc,44,45,151.483734,0.804154,40.885063
KhKc,44,46,185.190994,0.773564,38.538635
KsKc,44,47,183.613617,0.776221,38.630318
AcKc,44,48,133.237427,0.496798,13.287277
AdKc,44,49,129.757507,0.536494,14.597192
AhKc,44,50,134.514877,0.496812,13.240836
AsKc,44,51,139.608109,0.497683,13.429758
KhKd,45,46,151.483734,0.804154,40.885063
KsKd,45,47,160.066040,0.806710,40.874279
AcKd,45,48,133.579239,0.533415,13.906660
AdKd,45,49,152.993118,0.705838,32.795017
AhKd,45,50,133.579239,0.533415,13.906660
AsKd,45,51,139.149445,0.534313,14.076103
KsKh,46,47,183.613617,0.776221,38.630318
AcKh,46,48,134.514877,0.496812,13.240836
AdKh,46,49,129.757507,0.536494,14.597192
AhKh,46,50,133.237427,0.496798,13.287277
AsKh,46,51,139.608109,0.497683,13.429758
AcKs,47,48,138.661560,0.497483,13.477011
AdKs,47,49,133.224869,0.537176,14.675636
AhKs,47,50,138.661560,0.497483,13.477011
AsKs,47,51,126.097397,0.522261,13.567110
AdAc,48,49,173.424026,0.842949,43.618073
AhAc,48,50,182.402313,0.808047,40.917336
AsAc,48,51,179.488953,0.811093,40.921463
AhAd,49,50,173.424026,0.842949,43.618073
AsAd,49,51,158.028992,0.845859,43.576622
AsAh,50,51,179.488953,0.811093,40.921463

# PLAYER: IP
hands_count: 273
hand,card1,card2,weight,equity,ev
2d2c,0,1,126.791603,0.429342,-0.573771
2h2c,0,2,126.791603,0.406308,-0.627521
2s2c,0,3,126.791603,0.406991,-0.637297
Ac2c,0,48,113.764961,0.370791,0.801834
2h2d,1,2,126.791603,0.429342,-0.573771
2s2d,1,3,126.791603,0.430025,-0.456246
Ad2d,1,49,113.682701,0.615828,36.037865
2s2h,2,3,126.791603,0.406991,-0.637297
Ah2h,2,50,113.764961,0.370791,0.801834
As2s,3,51,114.411812,0.400058,5.228159
3h3c,4,6,126.791603,0.887520,87.829521
3s3c,4,7,126.791603,0.887529,87.824471
5c3c,4,12,124.027802,0.783453,58.012043
Ac3c,4,48,113.764961,0.467641,3.357465
3s3h,6,7,126.791603,0.887529,87.824471
5h3h,6,14,124.027802,0.783453,58.012043
Ah3h,6,50,113.764961,0.467641,3.357465
As3s,7,51,114.411812,0.494088,11.111226
4d4c,8,9,124.075264,0.447947,-0.479275
4h4c,8,10,124.580559,0.423347,-0.624898
4s4c,8,11,125.147797,0.422585,-0.612203
5c4c,8,12,123.481018,0.485425,4.295293
6c4c,8,16,121.545540,0.381343,12.565273
Ac4c,8,48,113.206223,0.383430,1.948571
4h4d,9,10,124.075264,0.447947,-0.479275
4s4d,9,11,124.642509,0.447268,-0.380065
5d4d,9,13,122.003021,0.667896,28.867556
6d4d,9,17,120.982620,0.576867,26.268284
Ad4d,9,49,112.854141,0.624134,37.942806
4s4h,10,11,125.147797,0.422585,-0.612203
5h4h,10,14,123.481018,0.485425,4.295293
6h4h,10,18,121.545540,0.381343,12.565273
Ah4h,10,50,113.206223,0.383430,1.948571
6s4s,11,19,122.625824,0.406785,15.018346
As4s,11,51,114.411812,0.411489,8.599279
5d5c,12,13,120.021477,0.897726,89.109375
5h5c,12,14,121.264008,0.886372,88.057007
6c5c,12,16,120.467903,0.493651,4.294875
7c5c,12,20,120.672554,0.486037,2.726830
Kc5c,12,44,114.911758,0.490943,4.674613
Ac5c,12,48,111.540924,0.503552,3.735629
5h5d,13,14,120.021477,0.897726,89.109375
6d5d,13,17,119.430145,0.675080,29.841749
7d5d,13,21,119.504387,0.670839,28.804585
Kd5d,13,45,113.752449,0.696110,34.285637
Ad5d,13,49,110.350258,0.716413,38.829304
6h5h,14,18,120.467903,0.493651,4.294875
7h5h,14,22,120.672554,0.486037,2.726830
Kh5h,14,46,114.911758,0.490943,4.674613
Ah5h,14,50,111.540924,0.503552,3.735629
6d6c,16,17,119.044647,0.506437,1.732764
6h6c,16,18,119.072411,0.482989,-0.534946
6s6c,16,19,119.602272,0.486469,0.396004
7c6c,16,20,119.284317,0.390528,13.623008
8c6c,16,24,118.825241,0.287423,-0.134041
9c6c,16,28,118.736725,0.590435,10.900999
Kc6c,16,44,113.535019,0.235698,-0.552732
Ac6c,16,48,109.624420,0.306199,-0.432628
6h6d,17,18,119.044647,0.506437,1.732764
6s6d,17,19,119.547386,0.509829,1.856534
7d6d,17,21,119.239342,0.586966,28.057486
8d6d,17,25,118.408821,0.525520,18.763525
Kd6d,17,45,113.560616,0.515720,18.248104
Ad6d,17,49,109.484535,0.577245,27.034735
6s6h,18,19,119.602272,0.486469,0.396004
7h6h,18,22,119.284317,0.390528,13.623008
8h6h,18,26,118.825241,0.287423,-0.134041
9h6h,18,30,118.736725,0.590435,10.900999
Kh6h,18,46,113.535019,0.235698,-0.552732
Ah6h,18,50,109.624420,0.306199,-0.432628
7s6s,19,23,120.274254,0.416380,16.187681
8s6s,19,27,119.784081,0.318854,1.445029
9s6s,19,31,119.016869,0.612744,15.840240
Ks6s,19,47,113.960983,0.272804,-0.813826
As6s,19,51,110.784317,0.339462,-0.618542
7d7c,20,21,119.312462,0.522382,1.262571
7h7c,20,22,119.525681,0.498729,0.173245
7s7c,20,23,119.904823,0.501912,0.303803
8c7c,20,24,118.953819,0.295249,0.704282
9c7c,20,28,118.949509,0.588016,8.411387
Tc7c,20,32,117.668518,0.196968,-0.681001
Kc7c,20,44,113.763908,0.226264,-0.511574
Ac7c,20,48,109.853317,0.306407,-0.424778
7h7d,21,22,119.312462,0.522382,1.262571
7s7d,21,23,119.714951,0.525487,1.281144
8d7d,21,25,118.538887,0.531226,21.120975
Td7d,21,33,116.509529,0.478571,16.668262
Kd7d,21,45,113.645088,0.510192,17.383356
Ad7d,21,49,109.569008,0.577595,27.032413
7s7h,22,23,119.904823,0.501912,0.303803
8h7h,22,26,118.953819,0.295249,0.704282
9h7h,22,30,118.949509,0.588016,8.411387
Th7h,22,34,117.668518,0.196968,-0.681001
Kh7h,22,46,113.763908,0.226264,-0.511574
Ah7h,22,50,109.853317,0.306407,-0.424778
8s7s,23,27,119.888771,0.326809,2.641251
9s7s,23,31,119.129066,0.610050,14.049870
Ts7s,23,35,118.127159,0.234350,-0.808735
Ks7s,23,47,114.072815,0.263736,-0.780739
As7s,23,51,110.896149,0.339489,-0.627859
8d8c,24,25,117.847572,0.541179,2.700874
8h8c,24,26,118.387527,0.515326,1.172164
8s8c,24,27,118.964653,0.519007,1.302010
9c8c,24,28,118.393242,0.588315,9.774014
Tc8c,24,32,117.125786,0.196445,-0.622287
Jc8c,24,36,114.883942,0.196214,-0.513058
Qc8c,24,40,113.557701,0.197630,-0.417368
Kc8c,24,44,113.221176,0.215491,-0.442449
Ac8c,24,48,109.918571,0.304464,-0.359430
8h8d,25,26,117.847572,0.541179,2.700874
8s8d,25,27,118.425301,0.544764,2.900208
Td8d,25,33,115.608032,0.480997,17.688610
Jd8d,25,37,113.573601,0.481286,17.328894
Qd8d,25,41,112.020699,0.487724,15.412361
Kd8d,25,45,112.743584,0.506613,17.174053
Ad8d,25,49,109.568718,0.576953,25.567492
8s8h,26,27,118.964653,0.519007,1.302010
9h8h,26,30,118.393242,0.588315,9.774014
Th8h,26,34,117.125786,0.196445,-0.622287
Jh8h,26,38,114.883942,0.196214,-0.513058
Qh8h,26,42,113.557701,0.197630,-0.417368
Kh8h,26,46,113.221176,0.215491,-0.442449
Ah8h,26,50,109.918571,0.304464,-0.359430
9s8s,27,31,118.733940,0.610454,14.738804
Ts8s,27,35,117.763618,0.234948,-0.817498
Js8s,27,39,115.515488,0.234756,-0.775260
Qs8s,27,43,114.204590,0.236598,-0.624677
Ks8s,27,47,113.709274,0.254682,-0.698559
As8s,27,51,111.146767,0.338391,-0.577700
9h9c,28,30,118.155037,0.904904,86.860504
9s9c,28,31,117.824478,0.905883,86.590912
Tc9c,28,32,117.011742,0.600663,11.711755
Jc9c,28,36,114.769905,0.605036,12.969656
Qc9c,28,40,113.443665,0.607462,12.708117
Kc9c,28,44,113.850876,0.612363,12.825504
Ac9c,28,48,110.092255,0.634056,15.466602
9s9h,30,31,117.824478,0.905883,86.590912
Th9h,30,34,117.011742,0.600663,11.711755
Jh9h,30,38,114.769905,0.605036,12.969656
Qh9h,30,42,113.443665,0.607462,12.708117
Kh9h,30,46,113.850876,0.612363,12.825504
Ah9h,30,50,110.092255,0.634056,15.466602
Ts9s,31,35,116.731949,0.621194,16.295645
Js9s,31,39,114.483810,0.625286,17.454845
Qs9s,31,43,113.172920,0.627760,17.025787
Ks9s,31,47,113.523209,0.632709,17.426643
As9s,31,51,110.281761,0.654729,19.720964
TdTc,32,33,116.257454,0.629755,15.112448
ThTc,32,34,117.107368,0.601160,9.665912
TsTc,32,35,117.160225,0.602887,10.035530
JcTc,32,36,114.895348,0.214687,-0.979614
QcTc,32,40,113.537971,0.216783,-0.877048
KcTc,32,44,113.258865,0.234061,-0.919873
AcTc,32,48,109.151299,0.319327,-0.814563
AdTc,32,49,108.471268,0.359500,-1.037368
AhTc,32,50,108.553528,0.318332,-0.757802
AsTc,32,51,109.200378,0.318546,-0.800969
ThTd,33,34,116.257454,0.629755,15.112448
TsTd,33,35,116.301750,0.631500,15.501249
JdTd,33,37,113.381065,0.501044,20.906784
QdTd,33,41,111.846939,0.505176,19.883507
KdTd,33,45,112.511375,0.521695,20.590424
AcTd,33,48,107.596588,0.353397,-1.488898
AdTd,33,49,108.303017,0.590847,27.371424
AhTd,33,50,107.596588,0.353397,-1.488898
AsTd,33,51,108.243439,0.353649,-1.441036
TsTh,34,35,117.160225,0.602887,10.035530
JhTh,34,38,114.895348,0.214687,-0.979614
QhTh,34,42,113.537971,0.216783,-0.877048
KhTh,34,46,113.258865,0.234061,-0.919873
AcTh,34,48,108.553528,0.318332,-0.757802
AdTh,34,49,108.471268,0.359500,-1.037368
AhTh,34,50,109.151299,0.319327,-0.814563
AsTh,34,51,109.200378,0.318546,-0.800969
JsTs,35,39,115.015083,0.252864,-0.868408
QsTs,35,43,113.650673,0.255333,-0.871051
KsTs,35,47,113.186974,0.273087,-1.007952
AcTs,35,48,108.616188,0.320404,-0.761240
AdTs,35,49,108.533928,0.361560,-0.987132
AhTs,35,50,108.616188,0.320404,-0.761240
AsTs,35,51,109.894760,0.353862,-0.679712
JdJc,36,37,111.975853,0.675134,29.456440
JhJc,36,38,112.745987,0.646275,24.944214
JsJc,36,39,112.793419,0.648027,25.044004
QcJc,36,40,111.219933,0.229338,-0.825369
KcJc,36,44,110.887489,0.246827,-0.881042
KdJc,36,45,110.305504,0.284319,-1.193003
KhJc,36,46,110.222282,0.245299,-0.831230
KsJc,36,47,110.135208,0.247301,-0.890798
AcJc,36,48,107.001358,0.354381,-0.808433
AdJc,36,49,106.936905,0.395730,-0.366468
AhJc,36,50,107.000854,0.354381,-0.808348
AsJc,36,51,107.677406,0.354425,-0.852647
JhJd,37,38,111.975853,0.675134,29.456440
JsJd,37,39,112.024071,0.676891,29.495792
QdJd,37,41,109.807243,0.513021,20.204708
KcJd,37,44,109.472748,0.280649,-1.311293
KdJd,37,45,110.466385,0.529613,21.057573
KhJd,37,46,109.472748,0.280649,-1.311293
KsJd,37,47,109.385674,0.282654,-1.285167
AcJd,37,48,106.257141,0.389011,-1.041216
AdJd,37,49,106.233833,0.613986,28.777279
AhJd,37,50,106.257141,0.389011,-1.041216
AsJd,37,51,106.909798,0.389069,-0.954781
JsJh,38,39,112.793419,0.648027,25.044004
QhJh,38,42,111.219933,0.229338,-0.825369
KcJh,38,44,110.222282,0.245299,-0.831230
KdJh,38,45,110.305504,0.284319,-1.193003
KhJh,38,46,110.887489,0.246827,-0.881042
KsJh,38,47,110.135208,0.247301,-0.890798
AcJh,38,48,107.000854,0.354381,-0.808348
AdJh,38,49,106.936905,0.395730,-0.366468
AhJh,38,50,107.001358,0.354381,-0.808433
AsJh,38,51,107.677406,0.354425,-0.852647
QsJs,39,43,111.368782,0.267343,-0.674255
KcJs,39,44,110.278648,0.246871,-0.841689
KdJs,39,45,110.361870,0.285882,-1.181222
KhJs,39,46,110.278648,0.246871,-0.841689
KsJs,39,47,110.792671,0.285515,-0.758972
AcJs,39,48,107.084969,0.356389,-0.815493
AdJs,39,49,106.980736,0.397678,-0.213952
AhJs,39,50,107.084969,0.356389,-0.815493
AsJs,39,51,107.694695,0.387011,0.195788
QdQc,40,41,109.068497,0.731031,44.506485
QhQc,40,42,110.053192,0.701448,39.866173
QsQc,40,43,110.115425,0.703192,39.925095
KcQc,40,44,109.489304,0.280407,-0.856501
KdQc,40,45,109.668419,0.318433,-0.974682
KhQc,40,46,109.489212,0.280407,-0.857127
KsQc,40,47,109.432114,0.282637,-0.906576
AcQc,40,48,105.582878,0.409605,-0.422360
AdQc,40,49,105.510475,0.450700,1.144731
AhQc,40,50,105.584564,0.409607,-0.421764
AsQc,40,51,106.266876,0.409331,-0.378265
QhQd,41,42,109.068497,0.731031,44.506485
QsQd,41,43,109.130844,0.732782,44.570969
KcQd,41,44,108.576843,0.317296,-1.086017
KdQd,41,45,108.835838,0.551934,22.102636
KhQd,41,46,108.576843,0.317296,-1.086017
KsQd,41,47,108.509834,0.319510,-0.996465
AcQd,41,48,104.603394,0.445246,0.916898
AdQd,41,49,104.707901,0.650772,30.773014
AhQd,41,50,104.603394,0.445246,0.916898
AsQd,41,51,105.238190,0.444984,0.899342
QsQh,42,43,110.115425,0.703192,39.925095
KcQh,42,44,109.489212,0.280407,-0.857127
KdQh,42,45,109.668419,0.318433,-0.974682
KhQh,42,46,109.489304,0.280407,-0.856501
KsQh,42,47,109.432114,0.282637,-0.906576
AcQh,42,48,105.584564,0.409607,-0.421764
AdQh,42,49,105.510475,0.450700,1.144731
AhQh,42,50,105.582878,0.409605,-0.422360
AsQh,42,51,106.266876,0.409331,-0.378265
KcQs,43,44,109.575005,0.281851,-0.852534
KdQs,43,45,109.740051,0.319849,-0.904974
KhQs,43,46,109.575005,0.281851,-0.852534
KsQs,43,47,109.493362,0.317846,-0.375526
AcQs,43,48,105.661110,0.411362,-0.351546
AdQs,43,49,105.566650,0.452438,1.630431
AhQs,43,50,105.661110,0.411362,-0.351546
AsQs,43,51,106.273338,0.439206,2.339492
AdKc,44,49,105.116478,0.500841,6.953494
AhKc,44,50,105.223770,0.459618,0.888285
AsKc,44,51,105.889847,0.459076,0.827660
AcKd,45,48,105.300560,0.493867,3.339834
AhKd,45,50,105.300560,0.493867,3.339834
AsKd,45,51,105.968613,0.493382,3.257758
AcKh,46,48,105.223770,0.459618,0.888285
AdKh,46,49,105.116478,0.500841,6.953494
AsKh,46,51,105.889847,0.459076,0.827660
AcKs,47,48,105.151894,0.461953,1.211189
AdKs,47,49,105.041710,0.503152,7.568826
AhKs,47,50,105.151894,0.461953,1.211189

# STRATEGY
num_actions: 3
actions: Fold,Call,Raise(34)
strategy_data:
0.627346,0.107639,0.265015
0.827229,0.000000,0.172771
0.824683,0.000000,0.175317
0.493887,0.323914,0.182198
0.627346,0.107639,0.265015
0.608118,0.126464,0.265418
0.000000,0.030601,0.969399
0.824683,0.000000,0.175317
0.493887,0.323914,0.182198
0.210060,0.693631,0.096309
0.000000,0.001049,0.998951
0.000000,0.001057,0.998943
0.000000,0.000658,0.999342
0.345727,0.533910,0.120363
0.000000,0.001057,0.998943
0.000000,0.000658,0.999342
0.345727,0.533910,0.120363
0.016523,0.983477,0.000000
0.489935,0.155426,0.354639
0.830157,0.004071,0.165772
0.771462,0.038856,0.189683
0.236259,0.629964,0.133777
0.003672,0.995846,0.000482
0.436476,0.419049,0.144475
0.489935,0.155426,0.354639
0.462144,0.172236,0.365620
0.000000,0.028108,0.971892
0.000000,0.378715,0.621285
0.000000,0.040016,0.959984
0.771462,0.038856,0.189683
0.236259,0.629964,0.133777
0.003672,0.995846,0.000482
0.436476,0.419049,0.144475
0.000426,0.998981,0.000593
0.024707,0.931903,0.043390
0.000000,0.001157,0.998843
0.000000,0.000929,0.999071
0.271434,0.599052,0.129514
0.369866,0.481218,0.148917
0.226283,0.652688,0.121029
0.378465,0.546238,0.075297
0.000000,0.001157,0.998843
0.000000,0.020779,0.979221
0.000000,0.016625,0.983375
0.000000,0.344998,0.655002
0.000000,0.371950,0.628050
0.271434,0.599052,0.129514
0.369866,0.481218,0.148917
0.226283,0.652688,0.121029
0.378465,0.546238,0.075297
0.501440,0.325351,0.173209
0.522291,0.138435,0.339274
0.641785,0.189963,0.168253
0.003356,0.996128,0.000516
0.584424,0.170834,0.244741
0.037456,0.804670,0.157874
0.887339,0.000000,0.112661
0.922298,0.000000,0.077702
0.501440,0.325351,0.173209
0.473211,0.336784,0.190005
0.000000,0.155273,0.844727
0.000000,0.740265,0.259735
0.000000,0.187398,0.812602
0.000000,0.039072,0.960928
0.641785,0.189963,0.168253
0.003356,0.996128,0.000516
0.584424,0.170834,0.244741
0.037456,0.804670,0.157874
0.887339,0.000000,0.112661
0.922298,0.000000,0.077702
0.000240,0.999160,0.000600
0.379961,0.360891,0.259148
0.004404,0.925161,0.070436
0.814799,0.000000,0.185201
0.868097,0.003732,0.128171
0.526443,0.276611,0.196946
0.704603,0.146968,0.148429
0.698838,0.158876,0.142286
0.514959,0.278798,0.206243
0.126224,0.648557,0.225219
0.850319,0.000000,0.149681
0.896820,0.000000,0.103180
0.924521,0.000000,0.075479
0.526443,0.276611,0.196946
0.489565,0.281638,0.228797
0.000000,0.943373,0.056627
0.000000,0.995048,0.004952
0.000000,0.302712,0.697288
0.000000,0.036363,0.963637
0.698838,0.158876,0.142286
0.514959,0.278798,0.206243
0.126224,0.648557,0.225219
0.850319,0.000000,0.149681
0.896820,0.000000,0.103180
0.924521,0.000000,0.075479
0.329645,0.449186,0.221169
0.017671,0.793267,0.189061
0.791249,0.008707,0.200044
0.824770,0.000000,0.175230
0.871695,0.000585,0.127719
0.445071,0.388712,0.166217
0.684738,0.249415,0.065846
0.639445,0.272338,0.088216
0.118402,0.732895,0.148702
0.872668,0.000000,0.127332
0.899197,0.000000,0.100803
0.919769,0.000000,0.080231
0.917580,0.000000,0.082420
0.938574,0.000000,0.061426
0.445071,0.388712,0.166217
0.415092,0.398809,0.186099
0.000000,0.986787,0.013213
0.000000,0.915196,0.084804
0.000000,0.667178,0.332822
0.000000,0.356389,0.643611
0.000000,0.043049,0.956951
0.639445,0.272338,0.088216
0.118402,0.732895,0.148702
0.872668,0.000000,0.127332
0.899197,0.000000,0.100803
0.919769,0.000000,0.080231
0.917580,0.000000,0.082420
0.938574,0.000000,0.061426
0.017757,0.806079,0.176163
0.808077,0.005876,0.186047
0.821345,0.007524,0.171131
0.866274,0.000000,0.133726
0.858142,0.000000,0.141858
0.888140,0.000000,0.111860
0.000000,0.082573,0.917428
0.000000,0.086817,0.913183
0.050362,0.746245,0.203393
0.048642,0.792341,0.159017
0.046185,0.788243,0.165572
0.031332,0.716269,0.252399
0.017848,0.683226,0.298926
0.000000,0.086817,0.913183
0.050362,0.746245,0.203393
0.048642,0.792341,0.159017
0.046185,0.788243,0.165572
0.031332,0.716269,0.252399
0.017848,0.683226,0.298926
0.016244,0.819309,0.164448
0.014914,0.910699,0.074387
0.013274,0.886151,0.100575
0.007449,0.859975,0.132576
0.003577,0.661286,0.335137
0.026920,0.499345,0.473735
0.103658,0.386062,0.510280
0.099781,0.412057,0.488162
0.784420,0.000000,0.215580
0.812317,0.000000,0.187683
0.805835,0.000000,0.194165
0.850701,0.000000,0.149299
0.295127,0.117866,0.587008
0.865946,0.000000,0.134054
0.852230,0.000000,0.147770
0.026920,0.499345,0.473735
0.024449,0.537071,0.438480
0.000000,0.648196,0.351804
0.000000,0.570310,0.429690
0.000000,0.281053,0.718948
0.517888,0.052720,0.429392
0.000000,0.061391,0.938609
0.517888,0.052720,0.429392
0.486573,0.062430,0.450998
0.099781,0.412057,0.488162
0.784420,0.000000,0.215580
0.812317,0.000000,0.187683
0.805835,0.000000,0.194165
0.865946,0.000000,0.134054
0.295127,0.117866,0.587008
0.850701,0.000000,0.149299
0.852230,0.000000,0.147770
0.573307,0.119509,0.307185
0.666006,0.075556,0.258437
0.662830,0.065559,0.271611
0.864228,0.000000,0.135771
0.292184,0.120109,0.587707
0.864228,0.000000,0.135771
0.688787,0.104984,0.206229
0.000000,0.001120,0.998880
0.000000,0.000000,1.000000
0.000000,0.000758,0.999242
0.832371,0.000000,0.167629
0.824482,0.000000,0.175518
0.474733,0.091253,0.434014
0.839840,0.000000,0.160160
0.825859,0.000000,0.174141
0.856765,0.000000,0.143235
0.314235,0.184282,0.501482
0.856785,0.000000,0.143215
0.834244,0.006520,0.159236
0.000000,0.001120,0.998880
0.000000,0.012829,0.987171
0.000000,0.402780,0.597220
0.474682,0.077580,0.447738
0.000000,0.122404,0.877596
0.474682,0.077580,0.447738
0.443706,0.089461,0.466834
0.490551,0.129550,0.379898
0.000000,0.251515,0.748485
0.490551,0.129550,0.379898
0.463689,0.140511,0.395800
0.000000,0.000758,0.999242
0.832371,0.000000,0.167629
0.839840,0.000000,0.160160
0.474733,0.091253,0.434014
0.824482,0.000000,0.175518
0.825859,0.000000,0.174141
0.856785,0.000000,0.143215
0.314235,0.184282,0.501482
0.856765,0.000000,0.143235
0.834244,0.006520,0.159236
0.663138,0.106781,0.230080
0.835608,0.000000,0.164392
0.469493,0.090902,0.439606
0.835608,0.000000,0.164392
0.657396,0.106419,0.236185
0.849235,0.003015,0.147750
0.328080,0.192865,0.479055
0.849235,0.003015,0.147750
0.618450,0.232615,0.148935
0.000000,0.000176,0.999824
0.000000,0.000000,1.000000
0.000000,0.000000,1.000000
0.831840,0.000000,0.168160
0.439947,0.123544,0.436509
0.831767,0.000000,0.168232
0.818385,0.000163,0.181452
0.791930,0.093205,0.114865
0.252292,0.335824,0.411884
0.791730,0.093388,0.114882
0.774849,0.105856,0.119295
0.000000,0.000176,0.999824
0.000000,0.000480,0.999520
0.417644,0.118079,0.464277
0.000000,0.088956,0.911044
0.417644,0.118079,0.464277
0.387633,0.133377,0.478990
0.453467,0.335334,0.211200
0.000000,0.333917,0.666083
0.453467,0.335334,0.211200
0.439640,0.330693,0.229667
0.000000,0.000000,1.000000
0.831767,0.000000,0.168232
0.439947,0.123544,0.436509
0.831840,0.000000,0.168160
0.818385,0.000163,0.181452
0.791730,0.093388,0.114882
0.252292,0.335824,0.411884
0.791930,0.093205,0.114865
0.774849,0.105856,0.119295
0.829026,0.000000,0.170974
0.432890,0.128513,0.438597
0.829026,0.000000,0.170974
0.587845,0.177222,0.234933
0.763087,0.118850,0.118064
0.246220,0.383766,0.370014
0.763087,0.118850,0.118064
0.412942,0.496201,0.090857
0.091604,0.784169,0.124227
0.573037,0.314271,0.112691
0.577235,0.303663,0.119102
0.218573,0.536580,0.244848
0.218573,0.536580,0.244848
0.206243,0.525818,0.267939
0.573037,0.314271,0.112691
0.091604,0.784169,0.124227
0.577235,0.303663,0.119102
0.534411,0.356885,0.108704
0.062640,0.820068,0.117292
0.534411,0.356885,0.108704
action_ev_data:
0.000000,3.341360,-3.522182
0.000000,1.682821,-3.632099
0.000000,2.121902,-3.635102
0.000000,4.898236,-4.307259
0.000000,3.341360,-3.522182
0.000000,3.790246,-3.524905
0.000000,33.776169,36.109261
0.000000,2.121902,-3.635102
0.000000,4.898236,-4.307259
0.000000,8.054236,-3.722491
0.000000,73.201279,87.844879
0.000000,73.383575,87.839752
0.000000,50.504169,58.016991
0.000000,7.325200,-4.598868
0.000000,73.383575,87.839752
0.000000,50.504169,58.016991
0.000000,7.325200,-4.598868
0.000000,11.297905,-3.964706
0.000000,4.230388,-3.205480
0.000000,2.243337,-3.824709
0.000000,2.382217,-3.715499
0.000000,7.497852,-3.199963
0.000000,12.618087,-0.813087
0.000000,6.055564,-4.076870
0.000000,4.230388,-3.205480
0.000000,4.367027,-3.096725
0.000000,27.962849,28.893721
0.000000,28.181776,25.101881
0.000000,35.301613,38.052902
0.000000,2.382217,-3.715499
0.000000,7.497852,-3.199963
0.000000,12.618087,-0.813087
0.000000,6.055564,-4.076870
0.000000,15.032873,1.329083
0.000000,9.387395,-3.430832
0.000000,74.900398,89.125847
0.000000,73.706039,88.070358
0.000000,7.852076,-3.157402
0.000000,6.655883,-3.197078
0.000000,7.864671,-3.788896
0.000000,7.484218,-4.681914
0.000000,74.900398,89.125847
0.000000,28.118881,29.878309
0.000000,26.720491,28.839817
0.000000,34.293941,34.281258
0.000000,38.422649,39.070137
0.000000,7.852076,-3.157402
0.000000,6.655883,-3.197078
0.000000,7.864671,-3.788896
0.000000,7.484218,-4.681914
0.000000,6.890663,-2.939319
0.000000,4.920689,-3.584530
0.000000,5.198849,-3.516037
0.000000,13.676311,-0.686508
0.000000,3.982875,-3.327815
0.000000,13.299657,1.261542
0.000000,-1.372515,-4.906167
0.000000,-1.781397,-5.567751
0.000000,6.890663,-2.939319
0.000000,7.152719,-2.907236
0.000000,29.786551,27.739658
0.000000,20.071266,15.036360
0.000000,20.145607,17.810511
0.000000,26.238892,27.067091
0.000000,5.198849,-3.516037
0.000000,13.676311,-0.686508
0.000000,3.982875,-3.327815
0.000000,13.299657,1.261542
0.000000,-1.372515,-4.906167
0.000000,-1.781397,-5.567751
0.000000,16.199677,2.688190
0.000000,6.023554,-2.812360
0.000000,16.347038,10.173818
0.000000,1.304751,-4.394288
0.000000,1.413549,-4.867067
0.000000,6.761932,-3.086380
0.000000,4.933025,-3.717276
0.000000,5.167508,-3.634859
0.000000,5.003224,-3.348510
0.000000,12.477962,1.415123
0.000000,-0.882627,-4.549685
0.000000,-1.749167,-4.958094
0.000000,-1.939881,-5.627801
0.000000,6.761932,-3.086380
0.000000,6.994239,-3.010093
0.000000,21.473305,15.251365
0.000000,16.705751,9.134995
0.000000,19.160679,16.611773
0.000000,25.788954,27.079338
0.000000,5.167508,-3.634859
0.000000,5.003224,-3.348510
0.000000,12.477962,1.415123
0.000000,-0.882627,-4.549685
0.000000,-1.749167,-4.958094
0.000000,-1.939881,-5.627801
0.000000,7.263723,-2.810108
0.000000,15.560694,9.023950
0.000000,0.905834,-4.082212
0.000000,0.818760,-4.455522
0.000000,1.252589,-4.921676
0.000000,8.344337,-3.264851
0.000000,5.894014,-4.524049
0.000000,6.209395,-4.410113
0.000000,13.081079,1.257210
0.000000,-0.837481,-4.887113
0.000000,-0.773801,-5.089725
0.000000,-1.830986,-5.202057
0.000000,-1.778094,-5.368198
0.000000,-1.839267,-5.851441
0.000000,8.344337,-3.264851
0.000000,8.743800,-3.153711
0.000000,17.794426,9.785921
0.000000,17.943401,10.697226
0.000000,16.875282,12.479769
0.000000,19.020390,16.151676
0.000000,25.126976,25.587311
0.000000,6.209395,-4.410113
0.000000,13.081079,1.257210
0.000000,-0.837481,-4.887113
0.000000,-0.773801,-5.089725
0.000000,-1.830986,-5.202057
0.000000,-1.778094,-5.368198
0.000000,-1.839267,-5.851441
0.000000,16.138433,9.820129
0.000000,1.116478,-4.429317
0.000000,1.212261,-4.583524
0.000000,0.247412,-4.671333
0.000000,0.538603,-4.924341
0.000000,1.094354,-5.164505
0.000000,77.533020,87.700020
0.000000,77.239479,87.479950
0.000000,14.679148,3.724399
0.000000,15.468729,4.484701
0.000000,15.031096,5.193888
0.000000,15.049047,8.107558
0.000000,16.399406,14.258059
0.000000,77.239479,87.479950
0.000000,14.679148,3.724399
0.000000,15.468729,4.484701
0.000000,15.031096,5.193888
0.000000,15.049047,8.107558
0.000000,16.399406,14.258059
0.000000,17.693506,10.940871
0.000000,18.222244,11.559360
0.000000,17.830662,12.181234
0.000000,18.130581,13.839541
0.000000,19.791634,19.791996
0.000000,16.393902,14.620497
0.000000,12.351264,9.597778
0.000000,12.734184,9.808868
0.000000,1.306649,-4.544088
0.000000,0.808103,-4.673035
0.000000,0.226629,-4.737584
0.000000,0.040128,-5.455915
0.000000,3.857034,-2.541672
0.000000,-0.054477,-5.652954
0.000000,0.203386,-5.420367
0.000000,16.393902,14.620497
0.000000,16.812067,14.760013
0.000000,22.265060,18.404167
0.000000,21.118580,18.244244
0.000000,22.664810,19.779495
0.000000,2.000712,-3.713102
0.000000,27.500710,27.362970
0.000000,2.000712,-3.713102
0.000000,2.278256,-3.510588
0.000000,12.734184,9.808868
0.000000,1.306649,-4.544088
0.000000,0.808103,-4.673035
0.000000,0.226629,-4.737584
0.000000,-0.054477,-5.652954
0.000000,3.857034,-2.541672
0.000000,0.040128,-5.455915
0.000000,0.203386,-5.420367
0.000000,3.341730,-4.127069
0.000000,3.000759,-4.247747
0.000000,2.824521,-4.392767
0.000000,0.115638,-5.606776
0.000000,4.042937,-2.505882
0.000000,0.115638,-5.606776
0.000000,3.049528,-4.848307
0.000000,24.755005,29.461710
0.000000,20.549053,24.944214
0.000000,20.668272,25.047323
0.000000,1.111157,-4.923796
0.000000,0.539163,-5.019654
0.000000,3.225851,-3.427011
0.000000,0.435802,-5.190009
0.000000,0.724021,-5.115395
0.000000,1.074148,-5.644095
0.000000,5.059398,-2.589974
0.000000,1.075873,-5.644284
0.000000,1.310731,-5.408276
0.000000,24.755005,29.461710
0.000000,24.945023,29.554934
0.000000,21.538944,19.304867
0.000000,2.709313,-3.398150
0.000000,23.276688,20.748056
0.000000,2.709313,-3.398150
0.000000,2.978800,-3.323778
0.000000,3.333204,-3.877438
0.000000,29.169447,28.645498
0.000000,3.333204,-3.877438
0.000000,3.555134,-3.674369
0.000000,20.668272,25.047323
0.000000,1.111157,-4.923796
0.000000,0.435802,-5.190009
0.000000,3.225851,-3.427011
0.000000,0.539163,-5.019654
0.000000,0.724021,-5.115395
0.000000,1.075873,-5.644284
0.000000,5.059398,-2.589974
0.000000,1.074148,-5.644095
0.000000,1.310731,-5.408276
0.000000,3.230052,-4.429599
0.000000,0.486111,-5.120008
0.000000,3.251859,-3.359424
0.000000,0.486111,-5.120008
0.000000,3.043312,-4.584699
0.000000,1.163684,-5.543140
0.000000,5.122664,-2.508972
0.000000,1.163684,-5.543140
0.000000,4.074693,-5.049525
0.000000,35.254086,44.508110
0.000000,31.693048,39.866173
0.000000,31.809895,39.925095
0.000000,1.095102,-5.093368
0.000000,3.896992,-3.335855
0.000000,1.094582,-5.094897
0.000000,1.388684,-4.997480
0.000000,2.427242,-5.646525
0.000000,6.558322,-2.567979
0.000000,2.429280,-5.646059
0.000000,2.529693,-5.415558
0.000000,35.254086,44.508110
0.000000,35.338501,44.575405
0.000000,3.629782,-3.262319
0.000000,23.871511,21.929920
0.000000,3.629782,-3.262319
0.000000,3.930253,-3.174748
0.000000,5.120230,-3.788300
0.000000,30.583973,30.867783
0.000000,5.120230,-3.788300
0.000000,5.216010,-3.594575
0.000000,31.809895,39.925095
0.000000,1.094582,-5.094897
0.000000,3.896992,-3.335855
0.000000,1.095102,-5.093368
0.000000,1.388684,-4.997480
0.000000,2.429280,-5.646059
0.000000,6.558322,-2.567979
0.000000,2.427242,-5.646525
0.000000,2.529693,-5.415558
0.000000,1.248686,-4.986346
0.000000,4.036091,-3.245945
0.000000,1.248686,-4.986346
0.000000,3.958016,-4.584171
0.000000,2.540788,-5.535289
0.000000,6.636386,-2.476622
0.000000,2.540788,-5.535289
0.000000,5.640966,-5.058052
0.000000,9.286885,-2.648335
0.000000,4.869647,-5.697913
0.000000,4.871704,-5.471727
0.000000,8.008111,-3.909192
0.000000,8.008111,-3.909192
0.000000,8.086464,-3.710745
0.000000,4.869647,-5.697913
0.000000,9.286885,-2.648335
0.000000,4.871704,-5.471727
0.000000,5.096577,-5.590407
0.000000,9.597569,-2.573390
0.000000,5.096577,-5.590407
