# HAND DATA FORMAT 1.0
board_size: 3
board: 3h 5d Td
pot_oop: 141
pot_ip: 88
current_player: 1

# PLAYER: OOP
hands_count: 190
hand,card1,card2,weight,equity,ev
5c4c,8,12,16.980783,0.503925,83.699242
Ac4c,8,48,10.857731,0.403667,75.209366
Ad4d,9,49,57.295258,0.634021,128.013306
5h4h,10,14,30.083174,0.524005,88.980507
Ah4h,10,50,12.996276,0.430165,81.144691
5s4s,11,15,16.980783,0.503925,83.699242
As4s,11,51,10.857731,0.403667,75.209366
6c5c,12,16,14.788610,0.506155,82.367958
7c5c,12,20,14.464418,0.497883,79.862686
8c5c,12,24,11.874260,0.490872,77.349915
Ac5c,12,48,12.737955,0.507560,80.476112
6h5h,14,18,25.133430,0.526317,87.883682
7h5h,14,22,21.811102,0.518104,85.761330
8h5h,14,26,13.491208,0.511821,83.522270
Ah5h,14,50,24.358662,0.533486,86.745682
6s5s,15,19,14.788610,0.506155,82.367958
7s5s,15,23,14.464418,0.497883,79.862686
8s5s,15,27,11.874260,0.490872,77.349915
As5s,15,51,12.737955,0.507560,80.476112
6d6c,16,17,10.771589,0.500448,76.326324
6h6c,16,18,3.013909,0.473857,70.681633
6s6c,16,19,2.697025,0.473015,70.692017
7c6c,16,20,8.149819,0.275577,72.617981
8c6c,16,24,5.589687,0.167774,67.921013
9c6c,16,28,5.276381,0.175837,67.841583
6h6d,17,18,10.689834,0.501313,76.303764
6s6d,17,19,10.771589,0.500448,76.326324
7d6d,17,21,56.681999,0.502939,102.735619
8d6d,17,25,23.442064,0.435882,90.202148
9d6d,17,29,32.668987,0.442179,90.223373
6s6h,18,19,3.013909,0.473857,70.681633
7h6h,18,22,8.705832,0.306367,73.603371
8h6h,18,26,6.621638,0.204297,68.608253
9h6h,18,30,6.269411,0.211910,68.583496
7s6s,19,23,8.149819,0.275577,72.617981
8s6s,19,27,5.589687,0.167774,67.921013
9s6s,19,31,5.276381,0.175837,67.841583
7d7c,20,21,8.491251,0.512647,74.517921
7h7c,20,22,2.236436,0.486149,69.260269
7s7c,20,23,2.200346,0.485187,69.182594
8c7c,20,24,4.950200,0.171662,67.603333
9c7c,20,28,5.119948,0.181047,67.597198
7h7d,21,22,8.566360,0.513609,74.561913
7s7d,21,23,8.491251,0.512647,74.517921
8d7d,21,25,23.943468,0.441176,90.535950
9d7d,21,29,40.288483,0.448274,90.714088
7s7h,22,23,2.236436,0.486149,69.260269
8h7h,22,26,6.178988,0.207814,68.456490
9h7h,22,30,6.365440,0.216602,68.474686
8s7s,23,27,4.950200,0.171662,67.603333
9s7s,23,31,5.119948,0.181047,67.597198
8d8c,24,25,6.234639,0.525172,73.134026
8h8c,24,26,1.508139,0.496251,67.585213
8s8c,24,27,1.530477,0.496172,67.728424
9c8c,24,28,5.154272,0.183913,67.435486
Ac8c,24,48,4.120237,0.330743,67.018906
8h8d,25,26,6.186554,0.525319,73.007004
8s8d,25,27,6.234639,0.525172,73.134026
9d8d,25,29,42.737576,0.454718,92.016212
Ad8d,25,49,91.306839,0.590108,113.570786
8s8h,26,27,1.508139,0.496251,67.585213
9h8h,26,30,6.158165,0.219276,68.075813
Ah8h,26,50,5.649621,0.360647,68.600540
9s8s,27,31,5.154272,0.183913,67.435486
As8s,27,51,4.120237,0.330743,67.018906
9d9c,28,29,5.700731,0.544903,74.078598
9h9c,28,30,1.953068,0.516321,68.252861
9s9c,28,31,1.930903,0.516294,68.385757
Kc9c,28,44,6.027544,0.232802,66.524895
Ac9c,28,48,4.181337,0.341221,66.781616
9h9d,29,30,5.740783,0.544997,73.975479
9s9d,29,31,5.700731,0.544903,74.078598
Kd9d,29,45,93.342239,0.500267,100.048157
Ad9d,29,49,74.870476,0.595597,113.586090
9s9h,30,31,1.953068,0.516321,68.252861
Kh9h,30,46,6.732322,0.267958,67.901840
Ah9h,30,50,5.129200,0.370310,68.491867
Ks9s,31,47,6.027544,0.232802,66.524895
As9s,31,51,4.181337,0.341221,66.781616
ThTc,32,34,25.285898,0.908750,180.485992
TsTc,32,35,25.998581,0.908004,180.484177
JcTc,32,36,31.557995,0.592864,85.746178
QcTc,32,40,33.993816,0.597423,87.681808
KcTc,32,44,33.444065,0.596317,87.554214
AcTc,32,48,63.795261,0.633617,101.176712
TsTh,34,35,25.285898,0.908750,180.485992
JhTh,34,38,35.008137,0.613966,92.084000
QhTh,34,42,40.243969,0.618941,93.517654
KhTh,34,46,30.155718,0.616907,92.949585
AhTh,34,50,60.172276,0.653797,105.742722
JsTs,35,39,31.557995,0.592864,85.746178
QsTs,35,43,33.993816,0.597423,87.681808
KsTs,35,47,33.444065,0.596317,87.554214
AsTs,35,51,63.795261,0.633617,101.176712
JdJc,36,37,63.488747,0.665630,114.814651
JhJc,36,38,69.812241,0.639802,109.673813
JsJc,36,39,70.769005,0.638348,109.521286
QcJc,36,40,15.711436,0.239270,70.596741
KcJc,36,44,8.452375,0.279051,67.868851
AcJc,36,48,4.981349,0.391342,68.280434
AdJc,36,49,16.503765,0.432461,78.092796
AhJc,36,50,4.939851,0.391801,68.706619
AsJc,36,51,4.981716,0.391342,68.280464
JhJd,37,38,62.672970,0.667061,114.965240
JsJd,37,39,63.488747,0.665630,114.814651
QdJd,37,41,77.670616,0.496365,103.596512
KdJd,37,45,67.002106,0.526591,104.876251
AcJd,37,48,11.276481,0.421808,73.735809
AdJd,37,49,55.674442,0.627293,118.833961
AhJd,37,50,11.517767,0.422342,74.084023
AsJd,37,51,11.276481,0.421808,73.735809
JsJh,38,39,69.812241,0.639802,109.673813
QhJh,38,42,15.923875,0.274235,71.975258
KhJh,38,46,5.467144,0.312089,69.495407
AcJh,38,48,4.785097,0.391794,68.179039
AdJh,38,49,16.771765,0.432975,77.976624
AhJh,38,50,7.302867,0.418762,72.880798
AsJh,38,51,4.785097,0.391794,68.179039
QsJs,39,43,15.711436,0.239270,70.596741
KsJs,39,47,8.452375,0.279051,67.868851
AcJs,39,48,4.981716,0.391342,68.280464
AdJs,39,49,16.503765,0.432461,78.092796
AhJs,39,50,4.939851,0.391801,68.706619
AsJs,39,51,4.981349,0.391342,68.280434
QdQc,40,41,63.265011,0.730160,133.737991
QhQc,40,42,68.408653,0.702979,128.518570
QsQc,40,43,69.184387,0.701936,128.617554
KcQc,40,44,6.198952,0.326579,68.820038
KdQc,40,45,11.242745,0.357214,74.510902
KhQc,40,46,6.343866,0.326904,69.019836
KsQc,40,47,6.202758,0.326579,68.820320
AcQc,40,48,4.538333,0.434551,71.794891
AdQc,40,49,15.797352,0.473783,80.531357
AhQc,40,50,4.876193,0.435286,72.111778
AsQc,40,51,4.535257,0.434551,71.794952
QhQd,41,42,62.104164,0.731267,133.641830
QsQd,41,43,63.265011,0.730160,133.737991
KcQd,41,44,10.983834,0.360902,73.663879
KdQd,41,45,63.267788,0.555825,106.646461
KhQd,41,46,11.273865,0.361272,73.822876
KsQd,41,47,10.983834,0.360902,73.663879
AcQd,41,48,13.883928,0.467018,79.288040
AdQd,41,49,55.070896,0.655564,120.909042
AhQd,41,50,15.082161,0.467783,79.482452
AsQd,41,51,13.883928,0.467018,79.288040
QsQh,42,43,68.408653,0.702979,128.518570
KcQh,42,44,6.426370,0.327143,68.944717
KdQh,42,45,11.456552,0.357826,74.549431
KhQh,42,46,5.520122,0.357389,70.963585
KsQh,42,47,6.426370,0.327143,68.944717
AcQh,42,48,5.008307,0.435757,71.973419
AdQh,42,49,16.114166,0.475066,80.657127
AhQh,42,50,12.870848,0.461044,78.518890
AsQh,42,51,5.008307,0.435757,71.973419
KcQs,43,44,6.202758,0.326579,68.820320
KdQs,43,45,11.242745,0.357214,74.510902
KhQs,43,46,6.343866,0.326904,69.019836
KsQs,43,47,6.198952,0.326579,68.820038
AcQs,43,48,4.535257,0.434551,71.794952
AdQs,43,49,15.797352,0.473783,80.531357
AhQs,43,50,4.876193,0.435286,72.111778
AsQs,43,51,4.538333,0.434551,71.794891
KdKc,44,45,63.948433,0.761018,142.817413
KhKc,44,46,72.471642,0.731671,137.740189
KsKc,44,47,74.412941,0.730850,137.948700
AcKc,44,48,3.021565,0.459702,72.271011
AdKc,44,49,12.072252,0.498187,80.333824
AhKc,44,50,3.160158,0.460691,72.626266
AsKc,44,51,2.871727,0.459802,72.421700
KhKd,45,46,61.614849,0.761974,142.621902
KsKd,45,47,63.948433,0.761018,142.817413
AcKd,45,48,11.668073,0.489857,79.095825
AdKd,45,49,47.435410,0.665724,118.648735
AhKd,45,50,11.771404,0.490803,79.286896
AsKd,45,51,11.668073,0.489857,79.095825
KsKh,46,47,72.471642,0.731671,137.740189
AcKh,46,48,3.105279,0.460753,72.823929
AdKh,46,49,12.351171,0.499260,80.653763
AhKh,46,50,10.958117,0.484773,80.050369
AsKh,46,51,3.105279,0.460753,72.823929
AcKs,47,48,2.871727,0.459802,72.421700
AdKs,47,49,12.072252,0.498187,80.333824
AhKs,47,50,3.160158,0.460691,72.626266
AsKs,47,51,3.021565,0.459702,72.271011
AdAc,48,49,45.167164,0.810537,147.118286
AhAc,48,50,62.074688,0.769807,141.042175
AsAc,48,51,62.389576,0.767113,140.720123
AhAd,49,50,42.678978,0.813092,147.404495
AsAd,49,51,45.167164,0.810537,147.118286
AsAh,50,51,62.074688,0.769807,141.042175

# PLAYER: IP
hands_count: 271
hand,card1,card2,weight,equity,ev
2d2c,0,1,16.416582,0.309212,0.000000
2h2c,0,2,16.939867,0.283517,0.000000
2s2c,0,3,16.974720,0.282848,0.000000
Ac2c,0,48,11.966785,0.315716,0.000000
2h2d,1,2,16.213520,0.309882,0.000000
2s2d,1,3,16.416582,0.309212,0.000000
Ad2d,1,49,31.897913,0.588953,81.332565
2s2h,2,3,16.939867,0.283517,0.000000
Ah2h,2,50,6.605826,0.346113,-1.331325
As2s,3,51,11.966785,0.315716,0.000000
3d3c,4,5,39.770996,0.860666,187.752289
3s3c,4,7,39.770237,0.857421,186.370911
5c3c,4,12,39.145153,0.726250,132.294434
Ac3c,4,48,10.218476,0.356452,-0.874983
3s3d,5,7,39.770996,0.860666,187.752289
Ad3d,5,49,27.765417,0.602257,82.753098
5s3s,7,15,39.145153,0.726250,132.294434
As3s,7,51,10.218476,0.356452,-0.874983
4d4c,8,9,15.808946,0.323299,0.000000
4h4c,8,10,16.630728,0.300574,0.000000
4s4c,8,11,16.435467,0.299378,0.000000
5c4c,8,12,5.799256,0.372124,-1.616826
6c4c,8,16,0.919759,0.344597,1.145480
Ac4c,8,48,10.430049,0.329784,0.000000
4h4d,9,10,15.873639,0.324450,0.000000
4s4d,9,11,15.808946,0.323299,0.000000
6d4d,9,17,33.940739,0.529156,60.990265
Ad4d,9,49,31.746727,0.597618,84.638657
4s4h,10,11,16.630728,0.300574,0.000000
5h4h,10,14,2.063514,0.400712,3.173928
6h4h,10,18,0.048168,0.369255,8.093184
Ah4h,10,50,4.581551,0.359532,-1.156368
5s4s,11,15,5.799256,0.372124,-1.616826
6s4s,11,19,0.919759,0.344597,1.145480
As4s,11,51,10.430049,0.329784,0.000000
5h5c,12,14,38.112366,0.855985,186.249817
5s5c,12,15,38.497849,0.856167,186.059204
6c5c,12,16,3.128535,0.368197,-1.152390
7c5c,12,20,10.070813,0.359336,-0.996271
Kc5c,12,44,6.070798,0.373010,-0.928820
Ac5c,12,48,6.185102,0.390241,-0.064903
5s5h,14,15,38.112366,0.855985,186.249817
6h5h,14,18,1.761787,0.396953,2.314964
7h5h,14,22,2.892227,0.388062,0.002775
Kh5h,14,46,1.787442,0.399797,2.839251
Ah5h,14,50,1.729460,0.413511,6.656209
6s5s,15,19,3.128535,0.368197,-1.152390
7s5s,15,23,10.070813,0.359336,-0.996271
Ks5s,15,47,6.070798,0.373010,-0.928820
As5s,15,51,6.185102,0.390241,-0.064903
6d6c,16,17,13.169748,0.357616,-0.585689
6h6c,16,18,15.201009,0.332470,0.000000
6s6c,16,19,14.585678,0.332956,0.000000
7c6c,16,20,10.585919,0.236505,0.000000
8c6c,16,24,10.711236,0.126740,0.000000
9c6c,16,28,10.855821,0.134755,0.000000
Kc6c,16,44,11.779798,0.179729,0.000000
Ac6c,16,48,11.591565,0.231830,0.000000
6h6d,17,18,13.630576,0.357169,-0.521591
6s6d,17,19,13.169748,0.357616,-0.585689
7d6d,17,21,13.954104,0.455480,32.832607
8d6d,17,25,3.133529,0.384729,7.431395
9d6d,17,29,5.385416,0.395636,10.463108
Kd6d,17,45,23.959368,0.455539,32.332367
Ad6d,17,49,30.371929,0.529927,57.609825
6s6h,18,19,15.201009,0.332470,0.000000
7h6h,18,22,9.680165,0.267030,0.000000
8h6h,18,26,12.220983,0.162916,0.000000
9h6h,18,30,12.415442,0.170395,0.000000
Kh6h,18,46,13.334245,0.216401,0.000000
Ah6h,18,50,13.029562,0.266796,0.000000
7s6s,19,23,10.585919,0.236505,0.000000
8s6s,19,27,10.711236,0.126740,0.000000
9s6s,19,31,10.855821,0.134755,0.000000
Ks6s,19,47,11.779798,0.179729,0.000000
As6s,19,51,11.591565,0.231830,0.000000
7d7c,20,21,14.555371,0.355557,-0.191270
7h7c,20,22,15.498305,0.331510,0.000000
7s7c,20,23,15.624505,0.331712,0.000000
8c7c,20,24,10.718532,0.129630,0.000000
9c7c,20,28,11.040386,0.139477,0.000000
Tc7c,20,32,5.628563,0.422952,6.251571
Kc7c,20,44,11.616983,0.168588,0.000000
Ac7c,20,48,11.638873,0.231345,0.000000
7h7d,21,22,13.359537,0.355398,-0.123895
7s7d,21,23,14.555371,0.355557,-0.191270
8d7d,21,25,3.092200,0.386863,7.705169
9d7d,21,29,3.600013,0.397819,10.534382
Kd7d,21,45,22.697620,0.448031,29.169109
Ad7d,21,49,30.569319,0.529399,57.407955
7s7h,22,23,15.498305,0.331510,0.000000
8h7h,22,26,12.321294,0.165596,0.000000
9h7h,22,30,12.646123,0.174729,0.000000
Th7h,22,34,1.535444,0.449730,16.652872
Kh7h,22,46,13.241700,0.205929,0.000000
Ah7h,22,50,13.090327,0.266322,0.000000
8s7s,23,27,10.718532,0.129630,0.000000
9s7s,23,31,11.040386,0.139477,0.000000
Ts7s,23,35,5.628563,0.422952,6.251571
Ks7s,23,47,11.616983,0.168588,0.000000
As7s,23,51,11.638873,0.231345,0.000000
8d8c,24,25,9.688849,0.353038,0.000000
8h8c,24,26,11.410307,0.332635,0.000000
8s8c,24,27,11.850574,0.332389,0.000000
9c8c,24,28,10.584687,0.141473,0.000000
Tc8c,24,32,5.872293,0.413999,3.938591
Jc8c,24,36,12.562447,0.144186,0.000000
Qc8c,24,40,11.644751,0.140221,0.000000
Kc8c,24,44,10.977757,0.155606,0.000000
Ac8c,24,48,11.465389,0.226890,0.000000
8h8d,25,26,9.173936,0.353316,0.000000
8s8d,25,27,9.688849,0.353038,0.000000
9d8d,25,29,3.376559,0.406222,13.152583
Jd8d,25,37,10.752266,0.418388,19.119793
Qd8d,25,41,12.551203,0.419635,19.521730
Kd8d,25,45,28.194124,0.450353,31.150974
Ad8d,25,49,30.881529,0.525722,55.725212
8s8h,26,27,11.410307,0.332635,0.000000
9h8h,26,30,12.032380,0.176497,0.000000
Th8h,26,34,1.926648,0.441763,12.462595
Jh8h,26,38,13.760815,0.181060,0.000000
Qh8h,26,42,12.997952,0.178509,0.000000
Kh8h,26,46,12.436783,0.193737,0.000000
Ah8h,26,50,12.715676,0.261898,0.000000
9s8s,27,31,10.584687,0.141473,0.000000
Ts8s,27,35,5.872293,0.413999,3.938591
Js8s,27,39,12.562447,0.144186,0.000000
Qs8s,27,43,11.644751,0.140221,0.000000
Ks8s,27,47,10.977757,0.155606,0.000000
As8s,27,51,11.465389,0.226890,0.000000
9d9c,28,29,7.028118,0.360104,-0.315413
9h9c,28,30,8.069673,0.346289,0.000000
9s9c,28,31,9.082478,0.345948,0.000000
Tc9c,28,32,6.867720,0.414076,3.962998
Jc9c,28,36,12.918080,0.155215,0.000000
Qc9c,28,40,12.021605,0.151315,0.000000
Kc9c,28,44,11.920070,0.174055,0.000000
Ac9c,28,48,11.782555,0.241187,0.000000
9h9d,29,30,6.689999,0.360480,-0.290014
9s9d,29,31,7.028118,0.360104,-0.315413
Jd9d,29,37,11.029922,0.428444,23.120779
Qd9d,29,41,13.690504,0.430095,23.736921
Kd9d,29,45,28.504419,0.455702,32.945721
Ad9d,29,49,28.801817,0.519418,52.203934
9s9h,30,31,8.069673,0.346289,0.000000
Th9h,30,34,2.224030,0.441923,12.600824
Jh9h,30,38,14.063842,0.191414,0.000000
Qh9h,30,42,13.323020,0.188915,0.000000
Kh9h,30,46,13.136856,0.210888,0.000000
Ah9h,30,50,13.015517,0.274920,0.000000
Ts9s,31,35,6.867720,0.414076,3.962998
Js9s,31,39,12.918080,0.155215,0.000000
Qs9s,31,43,12.021605,0.151315,0.000000
Ks9s,31,47,11.920070,0.174055,0.000000
As9s,31,51,11.782555,0.241187,0.000000
ThTc,32,34,34.183792,0.872115,192.803558
TsTc,32,35,34.175652,0.870625,192.133759
JcTc,32,36,6.327415,0.435638,9.376215
QcTc,32,40,3.774436,0.450924,13.623302
KcTc,32,44,13.202373,0.468258,24.803921
AcTc,32,48,32.109383,0.499818,39.252327
AdTc,32,49,25.110067,0.520029,46.527794
AhTc,32,50,30.526865,0.497503,38.055973
AsTc,32,51,31.668278,0.499815,39.171951
TsTh,34,35,34.183792,0.872115,192.803558
JhTh,34,38,1.905942,0.462423,22.480312
QhTh,34,42,7.618437,0.475555,28.671413
KhTh,34,46,22.994543,0.492336,36.520744
AcTh,34,48,31.390417,0.501264,39.678066
AdTh,34,49,24.654491,0.521660,47.186539
AhTh,34,50,29.964664,0.520833,47.327549
AsTh,34,51,31.390417,0.501264,39.678066
JsTs,35,39,6.327415,0.435638,9.376215
QsTs,35,43,3.774436,0.450924,13.623302
KsTs,35,47,13.202373,0.468258,24.803921
AcTs,35,48,31.668278,0.499815,39.171951
AdTs,35,49,25.110067,0.520029,46.527794
AhTs,35,50,30.526865,0.497503,38.055973
AsTs,35,51,32.109383,0.499818,39.252327
JdJc,36,37,26.296101,0.499103,38.821827
JhJc,36,38,25.722418,0.474254,29.336838
JsJc,36,39,26.542549,0.473155,29.104748
QcJc,36,40,15.153641,0.180534,0.000000
KcJc,36,44,14.115210,0.208248,0.000000
KdJc,36,45,18.524967,0.238795,0.000000
KhJc,36,46,14.425593,0.208705,0.000000
KsJc,36,47,13.614824,0.207561,0.000000
AcJc,36,48,13.318713,0.285854,0.000000
AdJc,36,49,16.115131,0.316776,0.000000
AhJc,36,50,13.512808,0.287059,0.000000
AsJc,36,51,13.318718,0.285854,0.000000
JhJd,37,38,26.389677,0.500279,39.123352
JsJd,37,39,26.296101,0.499103,38.821827
QdJd,37,41,28.504536,0.457735,35.941708
KcJd,37,44,16.971947,0.232631,0.000000
KdJd,37,45,29.687243,0.477177,41.704063
KhJd,37,46,17.739876,0.233797,0.000000
KsJd,37,47,16.971947,0.232631,0.000000
AcJd,37,48,14.853508,0.305703,0.000000
AdJd,37,49,27.157272,0.553011,63.708584
AhJd,37,50,15.013490,0.306799,0.000000
AsJd,37,51,14.853508,0.305703,0.000000
JsJh,38,39,25.722418,0.474254,29.336838
QhJh,38,42,16.921488,0.217954,0.000000
KcJh,38,44,14.067863,0.209013,0.000000
KdJh,38,45,18.850683,0.240333,0.000000
KhJh,38,46,15.668283,0.245071,0.000000
KsJh,38,47,14.067863,0.209013,0.000000
AcJh,38,48,13.494700,0.287467,0.000000
AdJh,38,49,15.886204,0.318568,0.000000
AhJh,38,50,11.763984,0.319603,0.000000
AsJh,38,51,13.494700,0.287467,0.000000
QsJs,39,43,15.153641,0.180534,0.000000
KcJs,39,44,13.614824,0.207561,0.000000
KdJs,39,45,18.524967,0.238795,0.000000
KhJs,39,46,14.425593,0.208705,0.000000
KsJs,39,47,14.115210,0.208248,0.000000
AcJs,39,48,13.318718,0.285854,0.000000
AdJs,39,49,16.115131,0.316776,0.000000
AhJs,39,50,13.512808,0.287059,0.000000
AsJs,39,51,13.318713,0.285854,0.000000
QdQc,40,41,32.854633,0.601320,80.433258
QhQc,40,42,34.321468,0.573892,69.834740
QsQc,40,43,34.462914,0.573619,69.822708
KcQc,40,44,13.984892,0.237990,0.000000
KdQc,40,45,18.462460,0.262152,0.000000
KhQc,40,46,14.620916,0.239525,0.000000
KsQc,40,47,13.986046,0.237990,0.000000
AcQc,40,48,12.974700,0.328002,0.000000
AdQc,40,49,14.763219,0.348585,-0.635989
AhQc,40,50,13.218631,0.328412,0.000000
AsQc,40,51,12.974596,0.328002,0.000000
QhQd,41,42,32.706902,0.601720,80.515549
QsQd,41,43,32.854633,0.601320,80.433258
KcQd,41,44,17.286207,0.267289,0.000000
KdQd,41,45,28.981625,0.494154,45.541611
KhQd,41,46,17.922647,0.268860,0.000000
KsQd,41,47,17.286207,0.267289,0.000000
AcQd,41,48,12.884254,0.350559,-0.528390
AdQd,41,49,25.755198,0.575893,71.447357
AhQd,41,50,12.817822,0.350929,-0.747784
AsQd,41,51,12.884254,0.350559,-0.528390
QsQh,42,43,34.321468,0.573892,69.834740
KcQh,42,44,14.374167,0.239554,0.000000
KdQh,42,45,18.884718,0.263747,0.000000
KhQh,42,46,14.553171,0.274401,0.000000
KsQh,42,47,14.374167,0.239554,0.000000
AcQh,42,48,13.182099,0.329065,0.000000
AdQh,42,49,14.276392,0.349710,-1.093838
AhQh,42,50,8.473222,0.358964,-1.066921
AsQh,42,51,13.182099,0.329065,0.000000
KcQs,43,44,13.986046,0.237990,0.000000
KdQs,43,45,18.462460,0.262152,0.000000
KhQs,43,46,14.620916,0.239525,0.000000
KsQs,43,47,13.984892,0.237990,0.000000
AcQs,43,48,12.974596,0.328002,0.000000
AdQs,43,49,14.763219,0.348585,-0.635989
AhQs,43,50,13.218631,0.328412,0.000000
AsQs,43,51,12.974700,0.328002,0.000000
AdKc,44,49,9.641907,0.383262,-1.780511
AhKc,44,50,8.577360,0.370369,-1.101464
AsKc,44,51,8.657374,0.371346,-1.036280
AcKd,45,48,10.008019,0.394247,-0.298949
AhKd,45,50,10.284510,0.393183,-0.500155
AsKd,45,51,10.008019,0.394247,-0.298949
AcKh,46,48,8.014527,0.372200,-1.088897
AdKh,46,49,8.593108,0.384244,-1.813291
AsKh,46,51,8.014527,0.372200,-1.088897
AcKs,47,48,8.657374,0.371346,-1.036280
AdKs,47,49,9.641907,0.383262,-1.780511
AhKs,47,50,8.577360,0.370369,-1.101464

# STRATEGY
num_actions: 3
actions: Fold,Call,AllIn(200)
strategy_data:
1.000000,0.000000,0.000000
1.000000,0.000000,0.000000
1.000000,0.000000,0.000000
1.000000,0.000000,0.000000
1.000000,0.000000,0.000000
1.000000,0.000000,0.000000
0.000000,0.000000,1.000000
1.000000,0.000000,0.000000
0.849331,0.040189,0.110480
1.000000,0.000000,0.000000
0.000000,0.660483,0.339517
0.000000,0.652752,0.347248
0.000000,0.519032,0.480968
0.935933,0.000000,0.064067
0.000000,0.660483,0.339517
0.000000,0.503063,0.496937
0.000000,0.519032,0.480968
0.935933,0.000000,0.064067
1.000000,0.000000,0.000000
1.000000,0.000000,0.000000
1.000000,0.000000,0.000000
0.770186,0.000000,0.229814
0.471623,0.336580,0.191797
1.000000,0.000000,0.000000
1.000000,0.000000,0.000000
1.000000,0.000000,0.000000
0.000000,0.000000,1.000000
0.000000,0.000000,1.000000
1.000000,0.000000,0.000000
0.402127,0.196714,0.401159
0.102098,0.597954,0.299948
0.607839,0.174606,0.217554
0.770186,0.000000,0.229814
0.471623,0.336580,0.191797
1.000000,0.000000,0.000000
0.000000,0.710788,0.289212
0.000000,0.655070,0.344930
0.873722,0.000000,0.126278
0.920156,0.000000,0.079844
0.874849,0.000000,0.125151
0.578103,0.078697,0.343200
0.000000,0.710788,0.289212
0.428548,0.213644,0.357808
0.536492,0.112286,0.351221
0.426742,0.243450,0.329808
0.343269,0.303944,0.352787
0.873722,0.000000,0.126278
0.920156,0.000000,0.079844
0.874849,0.000000,0.125151
0.578103,0.078697,0.343200
0.958705,0.000000,0.041295
1.000000,0.000000,0.000000
1.000000,0.000000,0.000000
1.000000,0.000000,0.000000
1.000000,0.000000,0.000000
1.000000,0.000000,0.000000
1.000000,0.000000,0.000000
1.000000,0.000000,0.000000
0.964018,0.000000,0.035982
0.958705,0.000000,0.041295
0.000000,0.107503,0.892497
0.120963,0.447766,0.431271
0.082647,0.460426,0.456927
0.000000,0.161440,0.838560
0.000000,0.000000,1.000000
1.000000,0.000000,0.000000
1.000000,0.000000,0.000000
1.000000,0.000000,0.000000
1.000000,0.000000,0.000000
1.000000,0.000000,0.000000
1.000000,0.000000,0.000000
1.000000,0.000000,0.000000
1.000000,0.000000,0.000000
1.000000,0.000000,0.000000
1.000000,0.000000,0.000000
1.000000,0.000000,0.000000
0.988138,0.000000,0.011862
1.000000,0.000000,0.000000
1.000000,0.000000,0.000000
1.000000,0.000000,0.000000
1.000000,0.000000,0.000000
0.401823,0.275003,0.323175
1.000000,0.000000,0.000000
1.000000,0.000000,0.000000
0.992409,0.000000,0.007591
0.988138,0.000000,0.011862
0.112647,0.449763,0.437590
0.090028,0.457613,0.452360
0.000000,0.203312,0.796688
0.000000,0.000000,1.000000
1.000000,0.000000,0.000000
1.000000,0.000000,0.000000
1.000000,0.000000,0.000000
0.227280,0.416139,0.356581
1.000000,0.000000,0.000000
1.000000,0.000000,0.000000
1.000000,0.000000,0.000000
1.000000,0.000000,0.000000
0.401823,0.275003,0.323175
1.000000,0.000000,0.000000
1.000000,0.000000,0.000000
1.000000,0.000000,0.000000
1.000000,0.000000,0.000000
1.000000,0.000000,0.000000
1.000000,0.000000,0.000000
0.452198,0.253421,0.294380
1.000000,0.000000,0.000000
1.000000,0.000000,0.000000
1.000000,0.000000,0.000000
1.000000,0.000000,0.000000
1.000000,0.000000,0.000000
1.000000,0.000000,0.000000
0.062699,0.471100,0.466201
0.000000,0.362389,0.637611
0.000000,0.334628,0.665372
0.000000,0.114800,0.885200
0.000000,0.000000,1.000000
1.000000,0.000000,0.000000
1.000000,0.000000,0.000000
0.330429,0.338626,0.330945
1.000000,0.000000,0.000000
1.000000,0.000000,0.000000
1.000000,0.000000,0.000000
1.000000,0.000000,0.000000
1.000000,0.000000,0.000000
0.452198,0.253421,0.294380
1.000000,0.000000,0.000000
1.000000,0.000000,0.000000
1.000000,0.000000,0.000000
1.000000,0.000000,0.000000
0.981512,0.000000,0.018488
1.000000,0.000000,0.000000
1.000000,0.000000,0.000000
0.452923,0.253168,0.293910
1.000000,0.000000,0.000000
1.000000,0.000000,0.000000
1.000000,0.000000,0.000000
1.000000,0.000000,0.000000
0.982921,0.000000,0.017079
0.981512,0.000000,0.018488
0.000000,0.340181,0.659819
0.000000,0.317033,0.682967
0.000000,0.082629,0.917371
0.000000,0.000000,1.000000
1.000000,0.000000,0.000000
0.328626,0.340553,0.330821
1.000000,0.000000,0.000000
1.000000,0.000000,0.000000
1.000000,0.000000,0.000000
1.000000,0.000000,0.000000
0.452923,0.253168,0.293910
1.000000,0.000000,0.000000
1.000000,0.000000,0.000000
1.000000,0.000000,0.000000
1.000000,0.000000,0.000000
0.000000,0.780310,0.219690
0.000000,0.769640,0.230360
0.357750,0.320753,0.321497
0.325350,0.328334,0.346316
0.079828,0.429181,0.490991
0.000000,0.152426,0.847574
0.000000,0.565735,0.434265
0.000000,0.156095,0.843905
0.000000,0.146386,0.853614
0.000000,0.780310,0.219690
0.126101,0.514522,0.359377
0.054546,0.517992,0.427462
0.000000,0.476081,0.523919
0.000000,0.137127,0.862873
0.000000,0.600216,0.399784
0.000000,0.250696,0.749304
0.000000,0.137127,0.862873
0.357750,0.320753,0.321497
0.325350,0.328334,0.346316
0.079828,0.429181,0.490991
0.000000,0.146386,0.853614
0.000000,0.565735,0.434265
0.000000,0.156095,0.843905
0.000000,0.152426,0.847574
0.000000,0.349526,0.650474
0.000000,0.245719,0.754281
0.000000,0.184058,0.815942
1.000000,0.000000,0.000000
1.000000,0.000000,0.000000
1.000000,0.000000,0.000000
1.000000,0.000000,0.000000
1.000000,0.000000,0.000000
1.000000,0.000000,0.000000
1.000000,0.000000,0.000000
1.000000,0.000000,0.000000
1.000000,0.000000,0.000000
0.000000,0.385552,0.614448
0.000000,0.349526,0.650474
0.000000,0.035304,0.964696
1.000000,0.000000,0.000000
0.000000,0.000000,1.000000
1.000000,0.000000,0.000000
1.000000,0.000000,0.000000
1.000000,0.000000,0.000000
0.000000,0.108167,0.891833
1.000000,0.000000,0.000000
1.000000,0.000000,0.000000
0.000000,0.245719,0.754281
1.000000,0.000000,0.000000
1.000000,0.000000,0.000000
1.000000,0.000000,0.000000
1.000000,0.000000,0.000000
1.000000,0.000000,0.000000
1.000000,0.000000,0.000000
1.000000,0.000000,0.000000
1.000000,0.000000,0.000000
1.000000,0.000000,0.000000
1.000000,0.000000,0.000000
1.000000,0.000000,0.000000
1.000000,0.000000,0.000000
1.000000,0.000000,0.000000
1.000000,0.000000,0.000000
1.000000,0.000000,0.000000
1.000000,0.000000,0.000000
1.000000,0.000000,0.000000
1.000000,0.000000,0.000000
0.000000,0.484252,0.515748
0.000000,0.447134,0.552866
0.000000,0.418606,0.581394
1.000000,0.000000,0.000000
1.000000,0.000000,0.000000
1.000000,0.000000,0.000000
1.000000,0.000000,0.000000
1.000000,0.000000,0.000000
0.964988,0.000000,0.035012
1.000000,0.000000,0.000000
1.000000,0.000000,0.000000
0.000000,0.509193,0.490807
0.000000,0.484252,0.515748
1.000000,0.000000,0.000000
0.000000,0.000000,1.000000
1.000000,0.000000,0.000000
1.000000,0.000000,0.000000
0.968398,0.000000,0.031602
0.000000,0.504621,0.495379
0.954755,0.000000,0.045244
0.968398,0.000000,0.031602
0.000000,0.447134,0.552866
1.000000,0.000000,0.000000
1.000000,0.000000,0.000000
1.000000,0.000000,0.000000
1.000000,0.000000,0.000000
1.000000,0.000000,0.000000
0.938794,0.000000,0.061206
0.919972,0.000000,0.080028
1.000000,0.000000,0.000000
1.000000,0.000000,0.000000
1.000000,0.000000,0.000000
1.000000,0.000000,0.000000
1.000000,0.000000,0.000000
1.000000,0.000000,0.000000
0.964988,0.000000,0.035012
1.000000,0.000000,0.000000
1.000000,0.000000,0.000000
0.656284,0.000000,0.343716
0.883197,0.000000,0.116803
0.885171,0.000000,0.114829
0.573379,0.000000,0.426621
0.572398,0.000000,0.427602
0.573379,0.000000,0.426621
0.867027,0.014071,0.118902
0.636875,0.000000,0.363125
0.867027,0.014071,0.118902
0.885171,0.000000,0.114829
0.656284,0.000000,0.343716
0.883197,0.000000,0.116803
action_ev_data:
0.000000,-25.725647,-30.915192
0.000000,-28.180954,-40.829475
0.000000,-28.317421,-41.053406
0.000000,-10.408016,-22.976692
0.000000,-25.559074,-30.691254
0.000000,-25.725647,-30.915192
0.000000,80.065277,81.332565
0.000000,-28.180954,-40.829475
0.000000,-1.408543,-11.538002
0.000000,-10.408016,-22.976692
0.000000,189.831146,183.708176
0.000000,188.451248,182.460327
0.000000,134.296661,130.133743
0.000000,-8.085461,-13.657276
0.000000,189.831146,183.708176
0.000000,83.460159,82.037308
0.000000,134.296661,130.133743
0.000000,-8.085461,-13.657276
0.000000,-20.850639,-26.232399
0.000000,-23.409439,-34.945847
0.000000,-23.638634,-35.469261
0.000000,-4.453526,-7.035355
0.000000,6.891251,-6.120930
0.000000,-8.084099,-17.736744
0.000000,-20.617950,-25.739342
0.000000,-20.850639,-26.232399
0.000000,58.066010,60.990265
0.000000,83.541946,84.638657
0.000000,-23.409439,-34.945847
0.000000,7.454140,4.256649
0.000000,12.037636,2.984615
0.000000,1.435913,-6.467751
0.000000,-4.453526,-7.035355
0.000000,6.891251,-6.120930
0.000000,-8.084099,-17.736744
0.000000,188.168793,181.533630
0.000000,188.233551,181.929794
0.000000,-4.556061,-9.125835
0.000000,-8.112526,-12.477753
0.000000,-3.683861,-7.421612
0.000000,1.997143,-0.647064
0.000000,188.168793,181.533630
0.000000,7.177219,2.184395
0.000000,3.814098,-1.211475
0.000000,8.138832,2.601074
0.000000,12.805321,7.835068
0.000000,-4.556061,-9.125835
0.000000,-8.112526,-12.477753
0.000000,-3.683861,-7.421612
0.000000,1.997143,-0.647064
0.000000,-14.088123,-14.182999
0.000000,-17.283718,-23.928253
0.000000,-17.286533,-23.604546
0.000000,-17.204323,-46.351723
0.000000,-41.748711,-87.566040
0.000000,-42.011375,-85.748016
0.000000,-34.760178,-69.761276
0.000000,-31.403908,-55.956543
0.000000,-14.159878,-14.495865
0.000000,-14.088123,-14.182999
0.000000,28.920065,33.303883
0.000000,9.943325,6.907753
0.000000,12.123013,10.683018
0.000000,27.116930,33.336441
0.000000,55.222404,57.609825
0.000000,-17.283718,-23.928253
0.000000,-14.430859,-35.234818
0.000000,-39.161018,-74.346405
0.000000,-39.254997,-72.814003
0.000000,-30.768166,-55.920082
0.000000,-23.671211,-42.661186
0.000000,-17.204323,-46.351723
0.000000,-41.748711,-87.566040
0.000000,-42.011375,-85.748016
0.000000,-34.760178,-69.761276
0.000000,-31.403908,-55.956543
0.000000,-16.863483,-16.124397
0.000000,-19.204380,-25.315834
0.000000,-19.233097,-25.102486
0.000000,-41.448380,-86.822083
0.000000,-41.678627,-84.431778
0.000000,11.967155,9.160900
0.000000,-34.795845,-73.986656
0.000000,-31.735435,-56.153397
0.000000,-16.761555,-16.321331
0.000000,-16.863483,-16.124397
0.000000,10.001095,7.328888
0.000000,12.165312,10.981045
0.000000,23.888929,30.516598
0.000000,55.007332,57.407955
0.000000,-19.204380,-25.315834
0.000000,-38.964485,-73.615761
0.000000,-38.920036,-71.557106
0.000000,23.209988,19.614855
0.000000,-31.738869,-59.843239
0.000000,-23.959236,-42.814049
0.000000,-41.448380,-86.822083
0.000000,-41.678627,-84.431778
0.000000,11.967155,9.160900
0.000000,-34.795845,-73.986656
0.000000,-31.735435,-56.153397
0.000000,-20.061440,-18.429642
0.000000,-21.065727,-25.885727
0.000000,-21.063728,-25.875137
0.000000,-41.796242,-84.185059
0.000000,9.067261,5.573582
0.000000,-38.895439,-82.280052
0.000000,-37.301399,-83.409264
0.000000,-35.255333,-78.996376
0.000000,-32.334686,-58.028732
0.000000,-19.967663,-18.430321
0.000000,-20.061440,-18.429642
0.000000,13.843733,14.223055
0.000000,16.754431,20.464163
0.000000,16.359858,21.111895
0.000000,23.680666,32.119785
0.000000,53.475025,55.725212
0.000000,-21.065727,-25.885727
0.000000,-39.144302,-71.403557
0.000000,20.733339,16.443050
0.000000,-36.589073,-68.321533
0.000000,-35.661133,-69.043373
0.000000,-33.295227,-64.611710
0.000000,-24.729500,-44.602905
0.000000,-41.796242,-84.185059
0.000000,9.067261,5.573582
0.000000,-38.895439,-82.280052
0.000000,-37.301399,-83.409264
0.000000,-35.255333,-78.996376
0.000000,-32.334686,-58.028732
0.000000,-18.721596,-17.060024
0.000000,-16.405499,-21.596947
0.000000,-16.625568,-21.666000
0.000000,9.120239,5.627743
0.000000,-38.964928,-78.292976
0.000000,-37.379585,-79.460541
0.000000,-34.791809,-72.137291
0.000000,-32.241364,-52.872238
0.000000,-18.562813,-16.980888
0.000000,-18.721596,-17.060024
0.000000,19.879570,24.791838
0.000000,19.761471,25.582329
0.000000,25.268692,33.637203
0.000000,50.436230,52.203934
0.000000,-16.405499,-21.596947
0.000000,20.893509,16.581383
0.000000,-35.966789,-64.761620
0.000000,-34.960068,-65.518265
0.000000,-31.377968,-58.353539
0.000000,-23.479607,-40.027481
0.000000,9.120239,5.627743
0.000000,-38.964928,-78.292976
0.000000,-37.379585,-79.460541
0.000000,-34.791809,-72.137291
0.000000,-32.241364,-52.872238
0.000000,194.440567,186.989136
0.000000,193.842331,186.425354
0.000000,16.474142,12.728214
0.000000,21.757381,18.710108
0.000000,27.676315,26.325914
0.000000,39.607925,39.188374
0.000000,47.116245,45.761189
0.000000,38.717449,37.933624
0.000000,39.579144,39.102123
0.000000,194.440567,186.989136
0.000000,27.569679,23.081877
0.000000,32.125961,28.143848
0.000000,37.716560,35.434116
0.000000,40.123611,39.607265
0.000000,47.757832,46.328823
0.000000,48.405823,46.966789
0.000000,40.123611,39.607265
0.000000,16.474142,12.728214
0.000000,21.757381,18.710108
0.000000,27.676315,26.325914
0.000000,39.579144,39.102123
0.000000,47.116245,45.761189
0.000000,38.717449,37.933624
0.000000,39.607925,39.188374
0.000000,38.802193,38.832382
0.000000,29.214893,29.376564
0.000000,28.816219,29.169834
0.000000,-34.161270,-67.863861
0.000000,-31.089104,-58.417229
0.000000,-26.118301,-45.985161
0.000000,-30.991402,-58.252068
0.000000,-31.188423,-58.886978
0.000000,-26.311600,-37.723343
0.000000,-19.955044,-26.989105
0.000000,-26.057053,-37.071533
0.000000,-26.312714,-37.723328
0.000000,39.234188,39.053799
0.000000,38.802193,38.832382
0.000000,27.468792,36.251789
0.000000,-26.832207,-48.455925
0.000000,34.211037,41.704063
0.000000,-26.611816,-47.827133
0.000000,-26.832207,-48.455925
0.000000,-23.539024,-30.163773
0.000000,63.747063,63.703918
0.000000,-23.375366,-29.574768
0.000000,-23.539024,-30.163773
0.000000,29.214893,29.376564
0.000000,-30.036324,-53.546402
0.000000,-30.884605,-58.141129
0.000000,-25.785637,-45.218666
0.000000,-24.900780,-44.504608
0.000000,-30.884605,-58.141129
0.000000,-25.904335,-37.129883
0.000000,-19.544647,-26.341789
0.000000,-14.641392,-24.778587
0.000000,-25.904335,-37.129883
0.000000,-34.161270,-67.863861
0.000000,-31.188423,-58.886978
0.000000,-26.118301,-45.985161
0.000000,-30.991402,-58.252068
0.000000,-31.089104,-58.417229
0.000000,-26.312714,-37.723328
0.000000,-19.955044,-26.989105
0.000000,-26.057053,-37.071533
0.000000,-26.311600,-37.723343
0.000000,81.473083,79.456940
0.000000,70.555298,69.251984
0.000000,70.482895,69.347374
0.000000,-28.117233,-50.500557
0.000000,-23.135178,-40.832001
0.000000,-27.918060,-49.926155
0.000000,-28.117355,-50.500336
0.000000,-17.214474,-25.214104
0.000000,-13.985310,-18.164719
0.000000,-17.001644,-24.985634
0.000000,-17.215462,-25.214195
0.000000,81.596123,79.394470
0.000000,81.473083,79.456940
0.000000,-23.173233,-38.464699
0.000000,40.784119,45.541611
0.000000,-22.979652,-37.892204
0.000000,-23.173233,-38.464699
0.000000,-15.699654,-16.720295
0.000000,72.351387,70.526451
0.000000,-15.589249,-16.527634
0.000000,-15.699654,-16.720295
0.000000,70.555298,69.251984
0.000000,-27.850426,-49.844749
0.000000,-22.856285,-40.175606
0.000000,-19.950771,-36.883957
0.000000,-27.850426,-49.844749
0.000000,-16.695980,-24.915970
0.000000,-13.650539,-17.871490
0.000000,-4.455597,-13.331886
0.000000,-16.695980,-24.915970
0.000000,-28.117355,-50.500336
0.000000,-23.135178,-40.832001
0.000000,-27.918060,-49.926155
0.000000,-28.117233,-50.500557
0.000000,-17.215462,-25.214195
0.000000,-13.985310,-18.164719
0.000000,-17.001644,-24.985634
0.000000,-17.214474,-25.214104
0.000000,-4.889542,-5.180183
0.000000,-3.358696,-9.430077
0.000000,-3.080437,-9.024563
0.000000,-2.140869,-0.700737
0.000000,-2.515018,-1.169674
0.000000,-2.140869,-0.700737
0.000000,-2.508320,-8.861107
0.000000,-4.571983,-4.993572
0.000000,-2.508320,-8.861107
0.000000,-3.080437,-9.024563
0.000000,-4.889542,-5.180183
0.000000,-3.358696,-9.430077
