# HAND DATA FORMAT 1.0
board_size: 3
board: 3h 5d Td
pot_oop: 20
pot_ip: 20
current_player: 1

# PLAYER: OOP
hands_count: 190
hand,card1,card2,weight,equity,ev
5c4c,8,12,148.681488,0.544887,5.627407
Ac4c,8,48,135.155365,0.436502,4.109943
Ad4d,9,49,104.477699,0.655471,26.243792
5h4h,10,14,132.968445,0.566117,7.716173
Ah4h,10,50,155.532364,0.464028,6.344100
5s4s,11,15,148.681488,0.544887,5.627407
As4s,11,51,135.155365,0.436502,4.109943
6c5c,12,16,150.345474,0.549413,5.366821
7c5c,12,20,142.758957,0.543508,4.926438
8c5c,12,24,141.502380,0.538751,4.620382
Ac5c,12,48,149.153900,0.561958,4.975671
6h5h,14,18,141.507935,0.571260,7.424765
7h5h,14,22,142.145447,0.565724,6.667910
8h5h,14,26,155.292892,0.561754,6.127723
Ah5h,14,50,138.847626,0.587885,7.684982
6s5s,15,19,150.345474,0.549413,5.366821
7s5s,15,23,142.758957,0.543508,4.926438
8s5s,15,27,141.502380,0.538751,4.620382
As5s,15,51,149.153900,0.561958,4.975671
6d6c,16,17,150.831497,0.564730,5.012292
6h6c,16,18,129.740646,0.536863,4.130644
6s6c,16,19,143.243515,0.534881,3.950245
7c6c,16,20,123.753189,0.297633,3.751218
8c6c,16,24,89.246597,0.191935,0.410462
9c6c,16,28,106.908676,0.208043,0.478004
6h6d,17,18,150.490952,0.566705,5.103297
6s6d,17,19,150.831497,0.564730,5.012292
7d6d,17,21,85.518631,0.537831,16.606586
8d6d,17,25,150.487534,0.475003,11.291450
9d6d,17,29,116.982895,0.487633,11.770925
6s6h,18,19,129.740646,0.536863,4.130644
7h6h,18,22,144.190903,0.328948,4.973793
8h6h,18,26,93.981552,0.228772,0.983572
9h6h,18,30,108.029846,0.244396,1.022504
7s6s,19,23,123.753189,0.297633,3.751218
8s6s,19,27,89.246597,0.191935,0.410462
9s6s,19,31,106.908676,0.208043,0.478004
7d7c,20,21,161.050354,0.584165,5.241117
7h7c,20,22,146.645859,0.559233,4.290000
7s7c,20,23,147.678543,0.557395,4.239690
8c7c,20,24,110.900383,0.200738,0.457257
9c7c,20,28,114.270851,0.217985,0.602454
7h7d,21,22,159.474472,0.585988,5.351687
7s7d,21,23,161.050354,0.584165,5.241117
8d7d,21,25,151.583466,0.480878,11.463455
9d7d,21,29,91.541420,0.494118,12.037382
7s7h,22,23,146.645859,0.559233,4.290000
8h7h,22,26,109.586212,0.237432,1.049485
9h7h,22,30,111.629486,0.254123,1.223428
8s7s,23,27,110.900383,0.200738,0.457257
9s7s,23,31,114.270851,0.217985,0.602454
8d8c,24,25,171.048340,0.603539,5.661032
8h8c,24,26,163.383759,0.577198,4.412720
8s8c,24,27,162.852707,0.575137,4.302102
9c8c,24,28,115.370995,0.224616,0.751259
Ac8c,24,48,126.318298,0.369847,1.085085
8h8d,25,26,170.922043,0.605592,5.817248
8s8d,25,27,171.048340,0.603539,5.661032
9d8d,25,29,84.918419,0.502082,12.810963
Ad8d,25,49,16.168400,0.621407,19.618549
8s8h,26,27,163.383759,0.577198,4.412720
9h8h,26,30,114.731506,0.260960,1.380399
Ah8h,26,50,95.292603,0.401926,1.846292
9s8s,27,31,115.370995,0.224616,0.751259
As8s,27,51,126.318298,0.369847,1.085085
9d9c,28,29,184.397903,0.634945,6.963013
9h9c,28,30,184.138000,0.609307,5.577064
9s9c,28,31,185.341461,0.607271,5.484442
Kc9c,28,44,75.560692,0.278049,0.851355
Ac9c,28,48,124.562996,0.381279,1.216779
9h9d,29,30,183.672272,0.636973,7.034890
9s9d,29,31,184.397903,0.634945,6.963013
Kd9d,29,45,18.132858,0.549689,15.057148
Ad9d,29,49,57.559174,0.629324,19.924068
9s9h,30,31,184.138000,0.609307,5.577064
Kh9h,30,46,100.094589,0.314487,1.725651
Ah9h,30,50,106.975166,0.412868,2.041118
Ks9s,31,47,75.560692,0.278049,0.851355
As9s,31,51,124.562996,0.381279,1.216779
ThTc,32,34,148.389267,0.922703,51.418076
TsTc,32,35,147.844223,0.921685,51.642632
JcTc,32,36,134.953690,0.695446,12.668386
QcTc,32,40,136.294907,0.701402,11.553948
KcTc,32,44,135.178024,0.706127,11.353666
AcTc,32,48,89.479584,0.730507,14.547022
TsTh,34,35,148.389267,0.922703,51.418076
JhTh,34,38,134.214340,0.712492,13.342238
QhTh,34,42,124.419098,0.718590,13.766506
KhTh,34,46,109.270721,0.723864,14.131935
AhTh,34,50,100.347893,0.748886,17.192537
JsTs,35,39,134.953690,0.695446,12.668386
QsTs,35,43,136.294907,0.701402,11.553948
KsTs,35,47,135.178024,0.706127,11.353666
AsTs,35,51,89.479584,0.730507,14.547022
JdJc,36,37,93.428787,0.748553,15.521379
JhJc,36,38,80.672821,0.725877,13.147351
JsJc,36,39,78.473557,0.723886,13.061852
QcJc,36,40,78.488831,0.285623,2.072058
KcJc,36,44,81.500389,0.321035,1.925755
AcJc,36,48,99.224075,0.427129,2.008118
AdJc,36,49,102.589249,0.467679,3.901026
AhJc,36,50,104.113220,0.428334,2.113712
AsJc,36,51,99.211571,0.427129,2.008873
JhJd,37,38,95.377586,0.750536,15.575905
JsJd,37,39,93.428787,0.748553,15.521379
QdJd,37,41,44.055855,0.548822,16.076626
KdJd,37,45,72.552635,0.578214,17.316246
AcJd,37,48,107.120209,0.459378,2.994541
AdJd,37,49,97.741119,0.660216,22.688766
AhJd,37,50,104.958649,0.460623,3.074865
AsJd,37,51,107.120209,0.459378,2.994541
JsJh,38,39,80.672821,0.725877,13.147351
QhJh,38,42,91.464798,0.321348,3.056791
KhJh,38,46,107.286453,0.356113,2.825099
AcJh,38,48,107.039330,0.429177,2.109624
AdJh,38,49,101.105675,0.469718,4.049429
AhJh,38,50,114.223083,0.457287,3.429895
AsJh,38,51,107.039330,0.429177,2.109624
QsJs,39,43,78.488831,0.285623,2.072058
KsJs,39,47,81.500389,0.321035,1.925755
AcJs,39,48,99.211571,0.427129,2.008873
AdJs,39,49,102.589249,0.467679,3.901026
AhJs,39,50,104.113220,0.428334,2.113712
AsJs,39,51,99.224075,0.427129,2.008118
QdQc,40,41,92.589417,0.787486,21.359755
QhQc,40,42,82.389366,0.764511,18.921938
QsQc,40,43,80.799004,0.762499,18.815723
KcQc,40,44,99.411972,0.359057,1.939818
KdQc,40,45,102.903358,0.397020,3.114414
KhQc,40,46,96.069778,0.361246,1.988536
KsQc,40,47,99.313400,0.359057,1.934193
AcQc,40,48,118.458687,0.464949,2.628247
AdQc,40,49,119.468109,0.505553,5.003548
AhQc,40,50,113.505653,0.466140,2.628997
AsQc,40,51,118.534790,0.464949,2.624579
QhQd,41,42,95.144806,0.789490,21.455410
QsQd,41,43,92.589417,0.787486,21.359755
KcQd,41,44,101.920303,0.393843,2.981234
KdQd,41,45,83.488281,0.603450,18.346525
KhQd,41,46,98.543320,0.396022,3.085003
KsQd,41,47,101.920303,0.393843,2.981234
AcQd,41,48,133.048965,0.497907,3.792153
AdQd,41,49,98.584724,0.685481,23.255938
AhQd,41,50,125.001686,0.499135,3.949299
AsQd,41,51,133.048965,0.497907,3.792153
QsQh,42,43,82.389366,0.764511,18.921938
KcQh,42,44,97.089783,0.360941,1.988989
KdQh,42,45,101.384254,0.398888,3.195094
KhQh,42,46,105.358536,0.392561,3.228350
KsQh,42,47,97.089783,0.360941,1.988989
AcQh,42,48,117.840012,0.467019,2.676690
AdQh,42,49,118.190689,0.507614,5.115581
AhQh,42,50,135.879028,0.493407,4.302928
AsQh,42,51,117.840012,0.467019,2.676690
KcQs,43,44,99.313400,0.359057,1.934193
KdQs,43,45,102.903358,0.397020,3.114414
KhQs,43,46,96.069778,0.361246,1.988536
KsQs,43,47,99.411972,0.359057,1.939818
AcQs,43,48,118.534790,0.464949,2.624579
AdQs,43,49,119.468109,0.505553,5.003548
AhQs,43,50,113.505653,0.466140,2.628997
AsQs,43,51,118.458687,0.464949,2.628247
KdKc,44,45,88.970535,0.811487,26.237751
KhKc,44,46,74.178871,0.785714,23.236084
KsKc,44,47,70.475998,0.783323,23.131113
AcKc,44,48,132.069229,0.494636,2.938667
AdKc,44,49,136.040115,0.535259,5.593320
AhKc,44,50,133.807632,0.495821,2.995663
AsKc,44,51,141.163437,0.494659,2.961596
KhKd,45,46,93.386169,0.813858,26.322479
KsKd,45,47,88.970535,0.811487,26.237751
AcKd,45,48,148.047073,0.529110,4.487901
AdKd,45,49,115.124779,0.704346,23.488293
AhKd,45,50,146.078430,0.530299,4.551668
AsKd,45,51,148.047073,0.529110,4.487901
KsKh,46,47,74.178871,0.785714,23.236084
AcKh,46,48,135.379227,0.497017,3.046429
AdKh,46,49,133.866806,0.537607,5.599308
AhKh,46,50,153.246063,0.521689,4.781749
AsKh,46,51,135.379227,0.497017,3.046429
AcKs,47,48,141.163437,0.494659,2.961596
AdKs,47,49,136.040115,0.535259,5.593320
AhKs,47,50,133.807632,0.495821,2.995663
AsKs,47,51,132.069229,0.494636,2.938667
AdAc,48,49,80.835648,0.852171,28.598623
AhAc,48,50,75.797897,0.822273,26.228664
AsAc,48,51,74.056122,0.819139,26.168320
AhAd,49,50,91.730217,0.855189,28.636456
AsAd,49,51,80.835648,0.852171,28.598623
AsAh,50,51,75.797897,0.822273,26.228664

# PLAYER: IP
hands_count: 271
hand,card1,card2,weight,equity,ev
2d2c,0,1,91.325996,0.438157,6.375373
2h2c,0,2,91.325996,0.415902,5.508505
2s2c,0,3,91.325996,0.415010,5.457244
Ac2c,0,48,81.503220,0.371339,7.229595
2h2d,1,2,91.325996,0.439049,6.433466
2s2d,1,3,91.325996,0.438157,6.375373
Ad2d,1,49,83.621559,0.608097,27.640329
2s2h,2,3,91.325996,0.415902,5.508505
Ah2h,2,50,81.499390,0.402244,9.058449
As2s,3,51,81.503220,0.371339,7.229595
3d3c,4,5,91.325996,0.901321,57.993069
3s3c,4,7,91.325996,0.898001,57.194553
5c3c,4,12,88.417900,0.797632,40.028126
Ac3c,4,48,81.503220,0.473146,7.935544
3s3d,5,7,91.325996,0.901321,57.993069
Ad3d,5,49,83.621559,0.689090,27.189693
5s3s,7,15,88.417900,0.797632,40.028126
As3s,7,51,81.503220,0.473146,7.935544
4d4c,8,9,89.771088,0.456648,7.171268
4h4c,8,10,89.047577,0.435525,6.280693
4s4c,8,11,89.065590,0.434966,6.082967
5c4c,8,12,87.863983,0.503622,9.521554
6c4c,8,16,86.651863,0.395399,13.306952
Ac4c,8,48,80.926933,0.387970,8.014715
4h4d,9,10,89.753067,0.457223,7.373386
4s4d,9,11,89.771088,0.456648,7.171268
6d4d,9,17,87.721558,0.597116,27.710501
Ad4d,9,49,83.621559,0.617274,28.555313
4s4h,10,11,89.047577,0.435525,6.280693
5h4h,10,14,87.882553,0.528301,11.191710
6h4h,10,18,86.621315,0.420750,14.691194
Ah4h,10,50,80.986000,0.417924,10.036487
5s4s,11,15,87.863983,0.503622,9.521554
6s4s,11,19,86.651863,0.395399,13.306952
As4s,11,51,80.926933,0.387970,8.014715
5h5c,12,14,85.609291,0.896697,57.311302
5s5c,12,15,85.509804,0.895475,57.773186
6c5c,12,16,85.465874,0.505912,9.830828
7c5c,12,20,85.227707,0.498930,8.845020
Kc5c,12,44,82.245949,0.514637,9.648184
Ac5c,12,48,79.211456,0.528547,9.768107
5s5h,14,15,85.609291,0.896697,57.311302
6h5h,14,18,85.515854,0.531014,11.376808
7h5h,14,22,85.272148,0.524968,10.411127
Kh5h,14,46,82.153427,0.540892,11.501311
Ah5h,14,50,79.259827,0.557514,11.892209
6s5s,15,19,85.465874,0.505912,9.830828
7s5s,15,23,85.227707,0.498930,8.845020
Ks5s,15,47,82.245949,0.514637,9.648184
As5s,15,51,79.211456,0.528547,9.768107
6d6c,16,17,85.198502,0.530814,9.814032
6h6c,16,18,84.740448,0.505741,8.356190
6s6c,16,19,84.806557,0.504055,8.258221
7c6c,16,20,84.520912,0.293289,7.447127
8c6c,16,24,83.802284,0.189538,4.163743
9c6c,16,28,83.821884,0.214259,4.267505
Kc6c,16,44,81.610115,0.235395,4.498019
Ac6c,16,48,77.959282,0.294811,4.198125
6h6d,17,18,85.184631,0.532489,9.938147
6s6d,17,19,85.198502,0.530814,9.814032
7d6d,17,21,85.293114,0.539326,20.133806
8d6d,17,25,85.101509,0.476971,14.294054
9d6d,17,29,84.935570,0.496660,14.737190
Kd6d,17,45,82.657219,0.519400,16.538765
Ad6d,17,49,80.441826,0.563849,20.025816
6s6h,18,19,84.740448,0.505741,8.356190
7h6h,18,22,84.539055,0.324351,8.497829
8h6h,18,26,83.875114,0.225815,4.694623
9h6h,18,30,83.805054,0.249903,4.771705
Kh6h,18,46,81.405579,0.272060,5.157283
Ah6h,18,50,77.942932,0.329782,5.263462
7s6s,19,23,84.520912,0.293289,7.447127
8s6s,19,27,83.802284,0.189538,4.163743
9s6s,19,31,83.821884,0.214259,4.267505
Ks6s,19,47,81.610115,0.235395,4.498019
As6s,19,51,77.959282,0.294811,4.198125
7d7c,20,21,85.019302,0.558046,10.013059
7h7c,20,22,84.353020,0.532207,8.518288
7s7c,20,23,84.407555,0.530570,8.406747
8c7c,20,24,83.680252,0.199579,4.145368
9c7c,20,28,83.642914,0.225063,4.301676
Tc7c,20,32,84.339882,0.681346,16.584703
Kc7c,20,44,81.401810,0.226404,4.396532
Ac7c,20,48,77.750984,0.296240,4.181441
7h7d,21,22,84.962662,0.559687,10.155347
7s7d,21,23,85.019302,0.558046,10.013059
8d7d,21,25,85.094696,0.483742,14.540071
9d7d,21,29,84.824799,0.505344,15.317289
Kd7d,21,45,82.648430,0.516152,16.230574
Ad7d,21,49,80.433044,0.566528,20.159292
7s7h,22,23,84.353020,0.532207,8.518288
8h7h,22,26,83.691078,0.235576,4.703543
9h7h,22,30,83.573189,0.260692,4.925749
Th7h,22,34,84.401459,0.699038,17.879240
Kh7h,22,46,81.159378,0.264219,5.057089
Ah7h,22,50,77.696724,0.331808,5.256893
8s7s,23,27,83.680252,0.199579,4.145368
9s7s,23,31,83.642914,0.225063,4.301676
Ts7s,23,35,84.339882,0.681346,16.584703
Ks7s,23,47,81.401810,0.226404,4.396532
As7s,23,51,77.750984,0.296240,4.181441
8d8c,24,25,84.032555,0.593096,12.002953
8h8c,24,26,83.375343,0.566304,10.375669
8s8c,24,27,83.306725,0.564066,10.098800
9c8c,24,28,83.066032,0.234921,4.175058
Tc8c,24,32,83.756775,0.674648,16.847815
Jc8c,24,36,83.013527,0.234444,4.528166
Qc8c,24,40,81.405464,0.220366,4.471519
Kc8c,24,44,80.818703,0.218590,4.081785
Ac8c,24,48,77.696404,0.295377,3.982173
8h8d,25,26,84.098549,0.595310,12.251329
8s8d,25,27,84.032555,0.593096,12.002953
9d8d,25,29,84.350334,0.512028,15.390872
Jd8d,25,37,84.282768,0.514998,16.448250
Qd8d,25,41,82.683067,0.508228,15.759356
Kd8d,25,45,82.197388,0.511320,16.061741
Ad8d,25,49,80.049088,0.567160,19.494370
8s8h,26,27,83.375343,0.566304,10.375669
9h8h,26,30,83.121193,0.270922,4.848651
Th8h,26,34,83.935272,0.693064,18.131376
Jh8h,26,38,82.801750,0.271633,5.206368
Qh8h,26,42,81.352440,0.258431,5.071003
Kh8h,26,46,80.693192,0.257522,4.741698
Ah8h,26,50,77.627594,0.332236,5.119576
9s8s,27,31,83.066032,0.234921,4.175058
Ts8s,27,35,83.756775,0.674648,16.847815
Js8s,27,39,83.013527,0.234444,4.528166
Qs8s,27,43,81.405464,0.220366,4.471519
Ks8s,27,47,80.818703,0.218590,4.081785
As8s,27,51,77.696404,0.295377,3.982173
9d9c,28,29,84.001465,0.643392,14.016571
9h9c,28,30,83.281555,0.617349,12.366813
9s9c,28,31,83.295143,0.615395,12.131390
Tc9c,28,32,83.706009,0.673084,16.217499
Jc9c,28,36,82.962761,0.251027,4.901823
Qc9c,28,40,81.354698,0.237051,4.765490
Kc9c,28,44,81.077614,0.238173,4.406748
Ac9c,28,48,77.638290,0.310237,4.148205
9h9d,29,30,83.989799,0.645330,14.286965
9s9d,29,31,84.001465,0.643392,14.016571
Jd9d,29,37,84.249260,0.528547,17.192141
Qd9d,29,41,82.649551,0.521955,16.586462
Kd9d,29,45,82.237289,0.527414,16.679012
Ad9d,29,49,80.187317,0.582303,19.853592
9s9h,30,31,83.281555,0.617349,12.366813
Th9h,30,34,83.809235,0.691539,17.520140
Jh9h,30,38,82.675720,0.288040,5.661174
Qh9h,30,42,81.226402,0.274900,5.451300
Kh9h,30,46,80.977379,0.276190,5.128393
Ah9h,30,50,77.550240,0.346905,5.270793
Ts9s,31,35,83.706009,0.673084,16.217499
Js9s,31,39,82.962761,0.251027,4.901823
Qs9s,31,43,81.354698,0.237051,4.765490
Ks9s,31,47,81.077614,0.238173,4.406748
As9s,31,51,77.638290,0.310237,4.148205
ThTc,32,34,85.568581,0.932201,57.870907
TsTc,32,35,85.454384,0.931292,57.889656
JcTc,32,36,84.665817,0.699818,18.076246
QcTc,32,40,83.063225,0.713089,19.085371
KcTc,32,44,82.476456,0.723520,19.487095
AcTc,32,48,78.645302,0.746576,20.592287
AdTc,32,49,80.387680,0.782418,23.813244
AhTc,32,50,78.265511,0.751833,20.893639
AsTc,32,51,78.269333,0.747761,20.631344
TsTh,34,35,85.568581,0.932201,57.870907
JhTh,34,38,84.496536,0.716481,19.460026
QhTh,34,42,83.007240,0.729822,20.395691
KhTh,34,46,82.289841,0.740787,20.969868
AcTh,34,48,78.381340,0.750174,20.766573
AdTh,34,49,80.499687,0.784724,23.936712
AhTh,34,50,78.797386,0.765595,22.946131
AsTh,34,51,78.381340,0.750174,20.766573
JsTs,35,39,84.665817,0.699818,18.076246
QsTs,35,43,83.063225,0.713089,19.085371
KsTs,35,47,82.476456,0.723520,19.487095
AcTs,35,48,78.269333,0.747761,20.631344
AdTs,35,49,80.387680,0.782418,23.813244
AhTs,35,50,78.265511,0.751833,20.893639
AsTs,35,51,78.645302,0.746576,20.592287
JdJc,36,37,84.329689,0.734071,19.703465
JhJc,36,38,83.426834,0.713130,17.892769
JsJc,36,39,83.696014,0.711655,17.742517
QcJc,36,40,82.088013,0.262656,5.531971
KcJc,36,44,81.516502,0.266117,5.022885
KdJc,36,45,81.859825,0.302682,6.041754
KhJc,36,46,80.984917,0.265723,5.148324
KsJc,36,47,81.176918,0.265139,5.008152
AcJc,36,48,77.948318,0.357908,4.783042
AdJc,36,49,80.079132,0.398779,6.858245
AhJc,36,50,77.963425,0.361197,5.039773
AsJc,36,51,77.948265,0.357908,4.782526
JhJd,37,38,84.059441,0.735569,19.803488
JsJd,37,39,84.329689,0.734071,19.703465
QdJd,37,41,83.099525,0.538850,19.144579
KcJd,37,44,81.750389,0.298362,5.631424
KdJd,37,45,82.731857,0.546093,19.273907
KhJd,37,46,81.558380,0.298989,5.744694
KsJd,37,47,81.750389,0.298362,5.631424
AcJd,37,48,78.553452,0.389320,5.444801
AdJd,37,49,80.630310,0.612331,22.831314
AhJd,37,50,78.538597,0.392490,5.708718
AsJd,37,51,78.553452,0.389320,5.444801
JsJh,38,39,83.426834,0.713130,17.892769
QhJh,38,42,81.743843,0.299689,6.356348
KcJh,38,44,80.898651,0.266173,5.141325
KdJh,38,45,81.581551,0.303734,6.146981
KhJh,38,46,81.153671,0.302413,5.909280
KsJh,38,47,80.898651,0.266173,5.141325
AcJh,38,48,77.703308,0.358609,4.862605
AdJh,38,49,79.794579,0.399481,6.913732
AhJh,38,50,77.727989,0.392622,6.197821
AsJh,38,51,77.703308,0.358609,4.862605
QsJs,39,43,82.088013,0.262656,5.531971
KcJs,39,44,81.176918,0.265139,5.008152
KdJs,39,45,81.859825,0.302682,6.041754
KhJs,39,46,80.984917,0.265723,5.148324
KsJs,39,47,81.516502,0.266117,5.022885
AcJs,39,48,77.948265,0.357908,4.782526
AdJs,39,49,80.079132,0.398779,6.858245
AhJs,39,50,77.963425,0.361197,5.039773
AsJs,39,51,77.948318,0.357908,4.783042
QdQc,40,41,81.118462,0.771855,27.576239
QhQc,40,42,80.376541,0.750230,24.315386
QsQc,40,43,80.489494,0.748392,24.211489
KcQc,40,44,79.983070,0.291243,5.366674
KdQc,40,45,80.676979,0.329326,6.431252
KhQc,40,46,79.777138,0.291596,5.464159
KsQc,40,47,79.982658,0.291241,5.367723
AcQc,40,48,76.422104,0.409586,5.284519
AdQc,40,49,78.542587,0.450196,7.707489
AhQc,40,50,76.395157,0.412888,5.565044
AsQc,40,51,76.422424,0.409586,5.284714
QhQd,41,42,81.009460,0.773677,27.641401
QsQd,41,43,81.118462,0.771855,27.576239
KcQd,41,44,80.573586,0.325511,6.091981
KdQd,41,45,81.177155,0.563324,20.306320
KhQd,41,46,80.367569,0.325943,6.178257
KsQd,41,47,80.573586,0.325511,6.091981
AcQd,41,48,77.063614,0.441416,6.401659
AdQd,41,49,79.034164,0.646293,24.190666
AhQd,41,50,77.023460,0.444675,6.648260
AsQd,41,51,77.063614,0.441416,6.401659
QsQh,42,43,80.376541,0.750230,24.315386
KcQh,42,44,79.853874,0.292501,5.491059
KdQh,42,45,80.551178,0.330602,6.540344
KhQh,42,46,79.696320,0.326267,6.230895
KsQh,42,47,79.853874,0.292501,5.491059
AcQh,42,48,76.299950,0.410881,5.399801
AdQh,42,49,78.417656,0.451504,7.828834
AhQh,42,50,76.370438,0.442488,7.117556
AsQh,42,51,76.299950,0.410881,5.399801
KcQs,43,44,79.982658,0.291241,5.367723
KdQs,43,45,80.676979,0.329326,6.431252
KhQs,43,46,79.777138,0.291596,5.464159
KsQs,43,47,79.983070,0.291243,5.366674
AcQs,43,48,76.422424,0.409586,5.284714
AdQs,43,49,78.542587,0.450196,7.707489
AhQs,43,50,76.395157,0.412888,5.565044
AsQs,43,51,76.422104,0.409586,5.284519
AdKc,44,49,78.030983,0.511351,9.348663
AhKc,44,50,75.899269,0.474309,7.035035
AsKc,44,51,75.937119,0.470825,6.769083
AcKd,45,48,76.644157,0.504427,8.527076
AhKd,45,50,76.629326,0.507905,8.793595
AsKd,45,51,76.644157,0.504427,8.527076
AcKh,46,48,75.720291,0.471587,6.897602
AdKh,46,49,77.829681,0.512208,9.502965
AsKh,46,51,75.720291,0.471587,6.897602
AcKs,47,48,75.937119,0.470825,6.769083
AdKs,47,49,78.030983,0.511351,9.348663
AhKs,47,50,75.899269,0.474309,7.035035

# STRATEGY
num_actions: 2
actions: Check,Bet(10)
strategy_data:
0.778904,0.221096
0.786931,0.213069
0.783235,0.216765
0.652939,0.347061
0.781034,0.218966
0.778904,0.221096
0.000773,0.999227
0.786931,0.213069
0.758115,0.241885
0.652939,0.347061
0.031704,0.968296
0.032341,0.967659
0.000000,1.000000
0.936069,0.063931
0.031704,0.968296
0.403302,0.596698
0.000000,1.000000
0.936069,0.063931
0.748173,0.251827
0.767863,0.232137
0.762119,0.237880
0.928775,0.071225
0.819190,0.180810
0.729689,0.270311
0.756831,0.243169
0.748173,0.251827
0.198130,0.801870
0.001493,0.998507
0.767863,0.232137
0.886879,0.113121
0.810471,0.189529
0.829921,0.170079
0.928775,0.071225
0.819190,0.180810
0.729689,0.270311
0.033851,0.966149
0.031559,0.968441
0.939370,0.060630
0.837120,0.162880
0.789368,0.210632
0.950226,0.049774
0.033851,0.966149
0.891817,0.108183
0.782748,0.217252
0.845178,0.154822
0.911314,0.088686
0.939370,0.060630
0.837120,0.162880
0.789368,0.210632
0.950226,0.049774
0.922043,0.077957
0.762937,0.237063
0.752804,0.247196
0.534999,0.465001
0.071812,0.928188
0.121717,0.878283
0.155569,0.844431
0.315710,0.684290
0.929451,0.070549
0.922043,0.077957
0.688473,0.311527
0.930572,0.069428
0.935345,0.064655
0.721712,0.278288
0.245415,0.754585
0.762937,0.237063
0.615717,0.384283
0.094267,0.905733
0.226804,0.773196
0.255615,0.744385
0.436164,0.563836
0.534999,0.465001
0.071812,0.928188
0.121717,0.878283
0.155569,0.844431
0.315710,0.684290
0.950581,0.049419
0.786311,0.213689
0.774408,0.225592
0.096815,0.903185
0.219124,0.780876
0.892032,0.107968
0.157576,0.842423
0.313177,0.686823
0.957627,0.042373
0.950581,0.049419
0.944135,0.055865
0.965851,0.034149
0.844484,0.155516
0.247634,0.752366
0.786311,0.213689
0.142765,0.857235
0.299498,0.700502
0.891929,0.108071
0.243943,0.756057
0.437847,0.562153
0.096815,0.903185
0.219124,0.780876
0.892032,0.107968
0.157576,0.842423
0.313177,0.686823
0.907894,0.092105
0.941116,0.058884
0.920739,0.079261
0.277961,0.722039
0.931604,0.068396
0.196251,0.803749
0.134934,0.865066
0.189632,0.810368
0.395776,0.604224
0.913971,0.086029
0.907894,0.092105
0.970149,0.029851
0.971022,0.028978
0.962319,0.037680
0.950342,0.049658
0.482749,0.517251
0.941116,0.058884
0.340868,0.659132
0.923462,0.076538
0.281887,0.718113
0.208463,0.791537
0.273878,0.726122
0.494443,0.505557
0.277961,0.722039
0.931604,0.068396
0.196251,0.803749
0.134934,0.865066
0.189632,0.810368
0.395776,0.604224
0.966845,0.033155
0.940963,0.059037
0.940126,0.059874
0.898249,0.101751
0.242580,0.757420
0.174161,0.825839
0.230083,0.769917
0.409355,0.590645
0.971879,0.028121
0.966845,0.033155
0.970639,0.029361
0.963305,0.036695
0.855971,0.144029
0.446190,0.553810
0.940963,0.059037
0.874155,0.125845
0.327162,0.672838
0.271609,0.728391
0.313885,0.686115
0.554395,0.445605
0.898249,0.101751
0.242580,0.757420
0.174161,0.825839
0.230083,0.769917
0.409355,0.590645
0.387858,0.612142
0.403752,0.596248
0.897431,0.102569
0.914470,0.085530
0.822590,0.177410
0.661617,0.338383
0.645205,0.354795
0.676634,0.323366
0.662965,0.337035
0.387858,0.612142
0.913320,0.086680
0.918154,0.081846
0.730563,0.269437
0.635854,0.364146
0.629031,0.370969
0.518703,0.481297
0.635854,0.364146
0.897431,0.102569
0.914470,0.085530
0.822590,0.177410
0.662965,0.337035
0.645205,0.354795
0.676634,0.323366
0.661617,0.338383
0.729139,0.270861
0.800738,0.199262
0.789191,0.210810
0.194924,0.805076
0.230513,0.769488
0.335404,0.664596
0.218309,0.781691
0.226090,0.773910
0.511608,0.488392
0.563152,0.436848
0.499502,0.500498
0.511605,0.488395
0.744546,0.255454
0.729139,0.270861
0.683259,0.316741
0.298795,0.701205
0.539046,0.460954
0.296636,0.703364
0.298795,0.701205
0.553520,0.446480
0.058356,0.941644
0.531761,0.468239
0.553520,0.446480
0.800738,0.199262
0.310672,0.689328
0.207717,0.792283
0.322261,0.677739
0.324598,0.675402
0.207717,0.792283
0.503657,0.496343
0.555435,0.444565
0.587688,0.412312
0.503657,0.496343
0.194924,0.805076
0.226090,0.773910
0.335404,0.664596
0.218309,0.781691
0.230513,0.769488
0.511605,0.488395
0.563152,0.436848
0.499502,0.500498
0.511608,0.488392
0.062569,0.937431
0.157237,0.842763
0.152262,0.847738
0.273790,0.726210
0.347751,0.652249
0.271143,0.728857
0.273650,0.726350
0.631257,0.368743
0.610151,0.389849
0.598082,0.401918
0.631562,0.368439
0.068502,0.931498
0.062569,0.937431
0.351739,0.648261
0.391751,0.608249
0.360233,0.639767
0.351739,0.648261
0.646571,0.353429
0.000000,1.000000
0.637066,0.362934
0.646571,0.353429
0.157237,0.842763
0.264454,0.735546
0.344743,0.655257
0.386691,0.613309
0.264454,0.735546
0.632165,0.367835
0.596987,0.403013
0.711269,0.288731
0.632165,0.367835
0.273650,0.726350
0.347751,0.652249
0.271143,0.728857
0.273790,0.726210
0.631562,0.368439
0.610151,0.389849
0.598082,0.401918
0.631257,0.368743
0.748614,0.251386
0.762886,0.237114
0.758269,0.241731
0.837497,0.162503
0.833857,0.166143
0.837497,0.162503
0.771112,0.228888
0.768313,0.231687
0.771112,0.228888
0.758269,0.241731
0.748614,0.251386
0.762886,0.237114
action_ev_data:
6.449713,6.113480
5.515647,5.482126
5.456579,5.459642
7.343651,7.015018
6.514056,6.146012
6.449713,6.113480
24.171705,27.643013
5.515647,5.482126
9.207661,8.590785
7.343651,7.015018
47.798771,58.326851
47.028702,57.534313
32.410587,40.028126
8.021145,6.682195
47.798771,58.326851
27.038910,27.291603
32.410587,40.028126
8.021145,6.682195
7.289194,6.820910
6.372354,5.977498
6.158823,5.839942
9.604490,8.440057
13.382969,12.962539
8.227491,7.440336
7.514856,6.933083
7.289194,6.820910
24.188313,28.580782
25.070629,28.560524
6.372354,5.977498
11.289001,10.428938
14.627024,14.965601
10.190345,9.285717
9.604490,8.440057
13.382969,12.962539
8.227491,7.440336
47.574123,57.652466
47.820580,58.097511
9.927131,8.338745
9.015119,7.970802
9.987682,8.375878
9.853195,8.143716
47.574123,57.652466
11.487133,10.467334
10.606611,9.706803
11.765002,10.061814
12.053743,10.232324
9.927131,8.338745
9.015119,7.970802
9.987682,8.375878
9.853195,8.143716
9.962555,8.057355
8.587658,7.611257
8.487185,7.560943
7.972190,6.843026
3.105745,4.245598
3.072019,4.433181
3.192139,4.738601
2.850907,4.819689
10.079745,8.072638
9.962555,8.057355
19.262531,22.059322
14.404055,12.819690
14.801839,13.801958
16.320875,17.103836
19.268024,20.272274
8.587658,7.611257
9.022579,7.657052
3.960864,4.770991
3.983010,5.003055
4.337967,5.438630
4.588418,5.785651
7.972190,6.843026
3.105745,4.245598
3.072019,4.433181
3.192139,4.738601
2.850907,4.819689
10.124087,7.877410
8.787610,7.527264
8.666719,7.514316
3.148264,4.252250
3.400631,4.554521
17.044369,12.786934
2.941068,4.668778
2.759564,4.829787
10.255756,7.886100
10.124087,7.877410
14.626051,13.086989
15.359353,14.127630
16.174822,16.533316
19.412823,20.404985
8.787610,7.527264
4.091102,4.805540
4.414914,5.144155
18.225674,15.020075
4.070046,5.375560
4.551154,5.806575
3.148264,4.252250
3.400631,4.554521
17.044369,12.786934
2.941068,4.668778
2.759564,4.829787
12.441589,7.679262
10.557165,7.474900
10.327159,7.446041
3.524243,4.425600
17.161474,12.575578
3.736578,4.721447
3.148926,4.677819
3.082199,4.315695
2.979104,4.639198
12.680773,7.688950
12.441589,7.679262
15.431257,14.078365
16.483410,15.270086
15.794909,14.851397
16.078289,15.745083
19.384796,19.596632
10.557165,7.474900
4.536476,5.010091
18.408001,14.793797
4.782677,5.372684
4.213174,5.296926
4.134506,4.970718
4.672503,5.556821
3.524243,4.425600
17.161474,12.575578
3.736578,4.721447
3.148926,4.677819
3.082199,4.315695
2.979104,4.639198
14.191967,8.901769
12.641068,7.995581
12.404988,7.835442
16.665539,12.262236
4.122977,5.151266
3.490923,5.034284
3.261817,4.748901
3.147867,4.841503
14.438044,9.065632
14.191967,8.901769
17.210381,16.589153
16.601208,16.199352
16.601437,17.140043
19.555981,20.093369
12.641068,7.995581
17.931536,14.662479
5.318713,5.827693
4.732224,5.719436
4.488374,5.421190
4.888671,5.746207
16.665539,12.262236
4.122977,5.151266
3.490923,5.034284
3.261817,4.748901
3.147867,4.841503
54.422390,60.055916
54.676868,60.065216
18.604004,13.458580
19.497208,14.682067
20.179943,16.274609
21.180372,19.442451
24.488674,22.584951
21.521835,19.579153
21.232128,19.449564
54.422390,60.055916
19.816156,15.707552
20.686375,17.134790
21.557428,19.376724
21.289616,19.853264
24.536676,22.919388
22.928455,22.965179
21.289616,19.853264
18.604004,13.458580
19.497208,14.682067
20.179943,16.274609
21.232128,19.449564
24.488674,22.584951
21.521835,19.579153
21.180372,19.442451
20.293648,18.114727
18.426567,15.747690
18.251858,15.835737
4.591078,5.759779
4.053246,5.313357
5.749497,6.189249
4.129897,5.432747
4.031053,5.293602
4.214056,5.379074
6.867949,6.845736
4.455398,5.622983
4.213500,5.378592
20.465313,17.874531
20.293648,18.114727
18.881966,19.711071
5.105655,5.855463
18.639961,20.015251
5.212889,5.968977
5.105655,5.855463
5.185866,5.765815
21.646667,22.904728
5.438149,6.015992
5.185866,5.765815
18.426567,15.747690
6.001246,6.516387
4.099950,5.414348
5.820158,6.302383
5.472353,6.119267
4.099950,5.414348
4.276549,5.457296
6.919419,6.906627
6.137573,6.283695
4.276549,5.457296
4.591078,5.759779
4.031053,5.293602
5.749497,6.189249
4.129897,5.432747
4.053246,5.313357
4.213500,5.378592
6.867949,6.845736
4.455398,5.622983
4.214056,5.379074
23.757355,27.831131
21.724861,24.798708
21.588352,24.682629
4.229193,5.795517
5.920539,6.703542
4.326241,5.887478
4.228523,5.796913
5.076194,5.641153
7.747988,7.644105
5.323293,5.924788
5.076131,5.642256
23.907730,27.915977
23.757355,27.831131
5.503588,6.411236
19.056559,21.111248
5.613878,6.496042
5.503588,6.411236
6.333390,6.526549
22.627720,24.190666
6.591180,6.748453
6.333390,6.526549
21.724861,24.798708
4.338401,5.905479
6.039177,6.804017
5.783998,6.512664
4.338401,5.905479
5.195051,5.751685
7.871774,7.765227
7.168198,6.992803
5.195051,5.751685
4.228523,5.796913
5.920539,6.703542
4.326241,5.887478
4.229193,5.795517
5.076131,5.642256
7.747988,7.644105
5.323293,5.924788
5.076194,5.641153
9.758537,8.128082
7.165052,6.616721
6.886949,6.399362
8.788165,7.181489
9.068918,7.411781
8.788165,7.181489
7.027872,6.458732
9.904857,8.170225
7.027872,6.458732
6.886949,6.399362
9.758537,8.128082
7.165052,6.616721
