# HAND DATA FORMAT 1.0
board_size: 3
board: 3h 5d Td
pot_oop: 64
pot_ip: 40
current_player: 1

# PLAYER: OOP
hands_count: 190
hand,card1,card2,weight,equity,ev
5c4c,8,12,8.408895,0.606025,43.832684
Ac4c,8,48,10.491396,0.511994,43.387207
Ad4d,9,49,26.654371,0.702116,59.918205
5h4h,10,14,4.679734,0.623281,43.625210
Ah4h,10,50,11.015070,0.537235,44.029999
5s4s,11,15,8.408895,0.606025,43.832684
As4s,11,51,10.491396,0.511994,43.387207
6c5c,12,16,8.137500,0.607400,43.613716
7c5c,12,20,9.841334,0.600604,43.845440
8c5c,12,24,10.489462,0.594292,43.505367
Ac5c,12,48,7.491724,0.612670,42.045902
6h5h,14,18,4.409801,0.626229,43.145554
7h5h,14,22,5.055730,0.619526,42.611145
8h5h,14,26,6.285954,0.614419,42.314064
Ah5h,14,50,5.289135,0.635542,42.908909
6s5s,15,19,8.137500,0.607400,43.613716
7s5s,15,23,9.841334,0.600604,43.845440
8s5s,15,27,10.489462,0.594292,43.505367
As5s,15,51,7.491724,0.612670,42.045902
6d6c,16,17,7.512533,0.606230,42.685341
6h6c,16,18,9.963086,0.578553,42.475040
6s6c,16,19,11.442455,0.575575,42.191292
7c6c,16,20,8.761216,0.305762,43.828968
8c6c,16,24,5.489705,0.199721,41.825302
9c6c,16,28,6.680276,0.221947,41.856060
6h6d,17,18,7.689326,0.609100,42.869316
6s6d,17,19,7.512533,0.606230,42.685341
7d6d,17,21,33.309425,0.541218,50.768822
8d6d,17,25,6.739238,0.476083,44.347450
9d6d,17,29,4.458226,0.492484,44.305672
6s6h,18,19,9.963086,0.578553,42.475040
7h6h,18,22,11.735412,0.337208,44.162540
8h6h,18,26,6.612371,0.236885,42.255711
9h6h,18,30,7.683747,0.258739,42.266075
7s6s,19,23,8.761216,0.305762,43.828968
8s6s,19,27,5.489705,0.199721,41.825302
9s6s,19,31,6.680276,0.221947,41.856060
7d7c,20,21,5.638116,0.614755,40.676109
7h7c,20,22,9.365177,0.589315,41.571552
7s7c,20,23,9.292625,0.586431,41.435265
8c7c,20,24,6.917572,0.208156,41.742130
9c7c,20,28,7.286346,0.230884,41.790615
7h7d,21,22,6.061378,0.617516,40.865532
7s7d,21,23,5.638116,0.614755,40.676109
8d7d,21,25,5.066749,0.484128,44.412640
9d7d,21,29,3.251782,0.500473,44.349987
7s7h,22,23,9.365177,0.589315,41.571552
8h7h,22,26,7.768951,0.245256,42.188320
9h7h,22,30,8.133969,0.267933,42.218765
8s7s,23,27,6.917572,0.208156,41.742130
9s7s,23,31,7.286346,0.230884,41.790615
8d8c,24,25,2.799567,0.622706,39.154613
8h8c,24,26,1.718888,0.592749,39.387833
8s8c,24,27,1.817339,0.588744,39.292038
9c8c,24,28,7.085657,0.233595,41.338440
Ac8c,24,48,12.267458,0.458515,40.991852
8h8d,25,26,2.887134,0.626427,39.253071
8s8d,25,27,2.799567,0.622706,39.154613
9d8d,25,29,2.756952,0.505270,44.356369
Ad8d,25,49,5.288787,0.682695,53.160664
8s8h,26,27,1.718888,0.592749,39.387833
9h8h,26,30,8.163203,0.271114,41.782192
Ah8h,26,50,7.540698,0.490343,41.611584
9s8s,27,31,7.085657,0.233595,41.338440
As8s,27,51,12.267458,0.458515,40.991852
9d9c,28,29,1.528616,0.641995,38.063259
9h9c,28,30,1.161015,0.615165,36.487530
9s9c,28,31,1.237092,0.610869,36.338989
Kc9c,28,44,4.804816,0.312722,40.805054
Ac9c,28,48,12.503957,0.469969,41.086849
9h9d,29,30,1.620978,0.645990,38.250053
9s9d,29,31,1.528616,0.641995,38.063259
Kd9d,29,45,2.476968,0.569208,44.920017
Ad9d,29,49,14.283039,0.688949,53.130005
9s9h,30,31,1.161015,0.615165,36.487530
Kh9h,30,46,9.304303,0.351530,41.191513
Ah9h,30,50,9.627654,0.502242,41.672310
Ks9s,31,47,4.804816,0.312722,40.805054
As9s,31,51,12.503957,0.469969,41.086849
ThTc,32,34,60.504089,0.926349,95.276924
TsTc,32,35,60.357834,0.926134,95.627304
JcTc,32,36,10.909237,0.678374,37.759590
QcTc,32,40,41.888985,0.685671,39.019085
KcTc,32,44,42.285767,0.681479,36.796116
AcTc,32,48,35.166813,0.698393,43.895222
TsTh,34,35,60.504089,0.926349,95.276924
JhTh,34,38,36.598427,0.698545,40.613762
QhTh,34,42,40.870548,0.706252,42.310616
KhTh,34,46,32.792301,0.703627,40.456062
AhTh,34,50,37.863430,0.719319,46.752125
JsTs,35,39,10.909237,0.678374,37.759590
QsTs,35,43,41.888985,0.685671,39.019085
KsTs,35,47,42.285767,0.681479,36.796116
AsTs,35,51,35.166813,0.698393,43.895222
JdJc,36,37,36.663811,0.708156,45.331200
JhJc,36,38,30.882050,0.684977,41.756142
JsJc,36,39,30.078508,0.681988,41.637230
QcJc,36,40,6.478828,0.298410,42.589008
KcJc,36,44,7.331338,0.361853,40.638836
AcJc,36,48,8.135045,0.515110,40.943996
AdJc,36,49,10.315841,0.560774,45.245525
AhJc,36,50,9.299979,0.519551,41.321144
AsJc,36,51,8.135486,0.515110,40.944214
JhJd,37,38,37.575352,0.711026,45.438587
JsJd,37,39,36.663811,0.708156,45.331200
QdJd,37,41,18.783659,0.555563,48.258137
KdJd,37,45,19.825228,0.598948,46.277874
AcJd,37,48,11.298078,0.548465,42.648239
AdJd,37,49,23.411222,0.715670,54.221275
AhJd,37,50,10.874659,0.552674,42.962803
AsJd,37,51,11.298078,0.548465,42.648239
JsJh,38,39,30.882050,0.684977,41.756142
QhJh,38,42,8.100537,0.335006,42.934353
KhJh,38,46,8.573440,0.398210,41.129829
AcJh,38,48,9.646614,0.518381,41.056168
AdJh,38,49,10.876020,0.564006,45.332172
AhJh,38,50,9.486047,0.545276,41.688419
AsJh,38,51,9.646614,0.518381,41.056168
QsJs,39,43,6.478828,0.298410,42.589008
KsJs,39,47,7.331338,0.361853,40.638836
AcJs,39,48,8.135486,0.515110,40.944214
AdJs,39,49,10.315841,0.560774,45.245525
AhJs,39,50,9.299979,0.519551,41.321144
AsJs,39,51,8.135045,0.515110,40.943996
QdQc,40,41,36.452179,0.766400,55.873978
QhQc,40,42,31.836283,0.742877,52.617611
QsQc,40,43,31.180227,0.739805,52.517517
KcQc,40,44,8.681246,0.425666,41.787373
KdQc,40,45,10.288709,0.468777,43.860538
KhQc,40,46,8.355276,0.430406,41.994049
KsQc,40,47,8.671774,0.425666,41.790237
AcQc,40,48,10.883268,0.559389,42.228848
AdQc,40,49,12.341355,0.604255,46.599430
AhQc,40,50,9.839033,0.563865,42.504139
AsQc,40,51,11.013331,0.559389,42.192726
QhQd,41,42,37.522640,0.769325,55.950977
QsQd,41,43,36.452179,0.766400,55.873978
KcQd,41,44,10.130594,0.465025,43.708992
KdQd,41,45,19.768600,0.642045,47.540585
KhQd,41,46,10.094810,0.469527,43.899845
KsQd,41,47,10.130594,0.465025,43.708992
AcQd,41,48,11.908380,0.594382,44.054447
AdQd,41,49,30.990780,0.745171,55.603310
AhQd,41,50,11.437152,0.598624,44.332096
AsQd,41,51,11.908380,0.594382,44.054447
QsQh,42,43,31.836283,0.742877,52.617611
KcQh,42,44,8.434620,0.428957,41.930267
KdQh,42,45,10.229956,0.471832,43.980049
KhQh,42,46,8.853228,0.459664,42.349274
KsQh,42,47,8.434620,0.428957,41.930267
AcQh,42,48,10.823084,0.562800,42.331703
AdQh,42,49,12.308829,0.607600,46.691689
AhQh,42,50,9.995260,0.587796,42.951981
AsQh,42,51,10.823084,0.562800,42.331703
KcQs,43,44,8.671774,0.425666,41.790237
KdQs,43,45,10.288709,0.468777,43.860538
KhQs,43,46,8.355276,0.430406,41.994049
KsQs,43,47,8.681246,0.425666,41.787373
AcQs,43,48,11.013331,0.559389,42.192726
AdQs,43,49,12.341355,0.604255,46.599430
AhQs,43,50,9.839033,0.563865,42.504139
AsQs,43,51,10.883268,0.559389,42.228848
KdKc,44,45,35.316204,0.796656,64.068466
KhKc,44,46,28.610918,0.771084,60.402008
KsKc,44,47,26.917757,0.767066,60.419548
AcKc,44,48,10.695054,0.579399,40.370174
AdKc,44,49,13.058690,0.622944,45.038364
AhKc,44,50,11.443308,0.583666,40.833733
AsKc,44,51,11.983406,0.579213,40.526749
KhKd,45,46,37.630707,0.800369,64.031845
KsKd,45,47,35.316204,0.796656,64.068466
AcKd,45,48,11.376104,0.616063,42.589481
AdKd,45,49,39.205513,0.757778,55.795147
AhKd,45,50,10.932245,0.620158,42.853298
AsKd,45,51,11.376104,0.616063,42.589481
KsKh,46,47,28.610918,0.771084,60.402008
AcKh,46,48,11.901961,0.583839,40.661613
AdKh,46,49,12.201930,0.627524,45.196468
AhKh,46,50,10.600962,0.607527,41.468956
AsKh,46,51,11.901961,0.583839,40.661613
AcKs,47,48,11.983406,0.579213,40.526749
AdKs,47,49,13.058690,0.622944,45.038364
AhKs,47,50,11.443308,0.583666,40.833733
AsKs,47,51,10.695054,0.579399,40.370174
AdAc,48,49,30.674185,0.850229,65.239517
AhAc,48,50,30.901608,0.816382,63.521217
AsAc,48,51,30.196632,0.813133,63.627884
AhAd,49,50,35.071167,0.853350,65.102516
AsAd,49,51,30.674185,0.850229,65.239517
AsAh,50,51,30.901608,0.816382,63.521217

# PLAYER: IP
hands_count: 271
hand,card1,card2,weight,equity,ev
2d2c,0,1,5.755529,0.352610,-3.157862
2h2c,0,2,5.546575,0.328263,-4.204624
2s2c,0,3,5.642790,0.327484,-4.246468
Ac2c,0,48,8.057090,0.322985,-1.043526
2h2d,1,2,5.700098,0.353390,-3.084071
2s2d,1,3,5.755529,0.352610,-3.157862
Ad2d,1,49,22.681623,0.572411,42.821491
2s2h,2,3,5.546575,0.328263,-4.204624
Ah2h,2,50,5.629725,0.354257,1.219447
As2s,3,51,8.057090,0.322985,-1.043526
3d3c,4,5,25.206533,0.857558,118.519638
3s3c,4,7,25.189949,0.852545,116.354584
5c3c,4,12,25.638985,0.734355,76.174965
Ac3c,4,48,1.484181,0.387044,-2.898929
3s3d,5,7,25.206533,0.857558,118.519638
Ad3d,5,49,13.544545,0.623295,38.566944
5s3s,7,15,25.638985,0.734355,76.174965
As3s,7,51,1.484181,0.387044,-2.898929
4d4c,8,9,6.451787,0.368649,-2.131576
4h4c,8,10,5.972524,0.345008,-3.654605
4s4c,8,11,6.113579,0.344537,-3.781727
5c4c,8,12,1.819467,0.409406,-0.705072
6c4c,8,16,4.583811,0.368498,12.071105
Ac4c,8,48,6.255838,0.338152,-0.235671
4h4d,9,10,6.236821,0.369147,-2.067450
4s4d,9,11,6.451787,0.368649,-2.131576
6d4d,9,17,20.214283,0.565406,48.864017
Ad4d,9,49,22.665270,0.581207,45.124149
4s4h,10,11,5.972524,0.345008,-3.654605
5h4h,10,14,2.908178,0.436561,2.595353
6h4h,10,18,4.810540,0.392557,17.287249
Ah4h,10,50,3.951713,0.368427,2.655529
5s4s,11,15,1.819467,0.409406,-0.705072
6s4s,11,19,4.583811,0.368498,12.071105
As4s,11,51,6.255838,0.338152,-0.235671
5h5c,12,14,24.553255,0.851964,116.917328
5s5c,12,15,24.449400,0.850833,117.171646
6c5c,12,16,1.527663,0.405190,-0.567016
7c5c,12,20,4.107847,0.393700,-0.997642
Kc5c,12,44,4.935937,0.399014,-1.934729
Ac5c,12,48,1.139358,0.410553,-3.995581
5s5h,14,15,24.553255,0.851964,116.917328
6h5h,14,18,2.740520,0.432619,2.848562
7h5h,14,22,5.506001,0.422423,1.479361
Kh5h,14,46,3.656115,0.430376,0.863187
Ah5h,14,50,2.048342,0.446842,-0.002621
6s5s,15,19,1.527663,0.405190,-0.567016
7s5s,15,23,4.107847,0.393700,-0.997642
Ks5s,15,47,4.935937,0.399014,-1.934729
As5s,15,51,1.139358,0.410553,-3.995581
6d6c,16,17,1.949429,0.394178,-2.863679
6h6c,16,18,5.948641,0.367957,-2.312714
6s6c,16,19,6.205826,0.366731,-2.369285
7c6c,16,20,11.666689,0.257578,-0.646860
8c6c,16,24,23.322506,0.144808,-0.562478
9c6c,16,28,22.125837,0.152961,-0.566364
Kc6c,16,44,19.685669,0.179669,-0.565858
Ac6c,16,48,15.533910,0.231285,-0.749390
6h6d,17,18,1.764387,0.395470,-2.894288
6s6d,17,19,1.949429,0.394178,-2.863679
7d6d,17,21,7.861392,0.493638,31.087973
8d6d,17,25,1.754236,0.421953,7.684317
9d6d,17,29,1.630063,0.428540,8.039422
Kd6d,17,45,6.416433,0.464484,17.407122
Ad6d,17,49,16.693216,0.514340,24.573816
6s6h,18,19,5.948641,0.367957,-2.312714
7h6h,18,22,9.651687,0.287069,0.505207
8h6h,18,26,22.820566,0.179279,-0.581852
9h6h,18,30,19.456760,0.186944,-0.612431
Kh6h,18,46,17.364754,0.215552,-0.618865
Ah6h,18,50,12.833883,0.266416,-0.991820
7s6s,19,23,11.666689,0.257578,-0.646860
8s6s,19,27,23.322506,0.144808,-0.562478
9s6s,19,31,22.125837,0.152961,-0.566364
Ks6s,19,47,19.685669,0.179669,-0.565858
As6s,19,51,15.533910,0.231285,-0.749390
7d7c,20,21,1.239025,0.398377,-3.419816
7h7c,20,22,5.364161,0.371901,-2.478731
7s7c,20,23,5.663082,0.370485,-2.542445
8c7c,20,24,22.713766,0.148140,-0.547628
9c7c,20,28,19.683067,0.157055,-0.561218
Tc7c,20,32,2.513726,0.471601,-0.020077
Kc7c,20,44,19.646360,0.167506,-0.541017
Ac7c,20,48,15.597518,0.230552,-0.768538
7h7d,21,22,1.062474,0.399789,-3.375279
7s7d,21,23,1.239025,0.398377,-3.419816
8d7d,21,25,1.414833,0.424832,8.209229
9d7d,21,29,0.863122,0.432708,8.488094
Kd7d,21,45,3.597153,0.458396,15.500422
Ad7d,21,49,16.699514,0.514966,24.708916
7s7h,22,23,5.364161,0.371901,-2.478731
8h7h,22,26,21.612627,0.182416,-0.584993
9h7h,22,30,17.634531,0.190897,-0.618164
Th7h,22,34,2.498713,0.500911,4.902212
Kh7h,22,46,17.641668,0.204331,-0.572296
Ah7h,22,50,12.799014,0.265974,-0.986570
8s7s,23,27,22.713766,0.148140,-0.547628
9s7s,23,31,19.683067,0.157055,-0.561218
Ts7s,23,35,2.513726,0.471601,-0.020077
Ks7s,23,47,19.646360,0.167506,-0.541017
As7s,23,51,15.597518,0.230552,-0.768538
8d8c,24,25,2.336829,0.401961,-4.298945
8h8c,24,26,1.485385,0.373114,-3.205322
8s8c,24,27,1.994923,0.370660,-3.283296
9c8c,24,28,18.246939,0.157949,-0.572990
Tc8c,24,32,1.596927,0.464148,-0.181150
Jc8c,24,36,19.369539,0.160846,-0.524539
Qc8c,24,40,20.251526,0.150382,-0.501347
Kc8c,24,44,18.952198,0.154208,-0.530656
Ac8c,24,48,13.830429,0.222222,-0.789857
8h8d,25,26,2.187668,0.404343,-4.192895
8s8d,25,27,2.336829,0.401961,-4.298945
9d8d,25,29,0.762048,0.437494,9.333164
Jd8d,25,37,0.691583,0.446887,11.469352
Qd8d,25,41,0.883651,0.443144,11.114095
Kd8d,25,45,1.161417,0.454038,14.139557
Ad8d,25,49,11.639235,0.513462,23.681692
8s8h,26,27,1.485385,0.373114,-3.205322
9h8h,26,30,16.675827,0.192195,-0.639486
Th8h,26,34,1.779148,0.494924,4.501923
Jh8h,26,38,17.126522,0.198215,-0.554190
Qh8h,26,42,18.565149,0.187847,-0.542017
Kh8h,26,46,17.033470,0.192159,-0.563280
Ah8h,26,50,11.608389,0.258996,-0.976547
9s8s,27,31,18.246939,0.157949,-0.572990
Ts8s,27,35,1.596927,0.464148,-0.181150
Js8s,27,39,19.369539,0.160846,-0.524539
Qs8s,27,43,20.251526,0.150382,-0.501347
Ks8s,27,47,18.952198,0.154208,-0.530656
As8s,27,51,13.830429,0.222222,-0.789857
9d9c,28,29,0.841442,0.410468,-4.025595
9h9c,28,30,1.489748,0.381003,-5.387342
9s9c,28,31,1.513214,0.380416,-5.474176
Tc9c,28,32,2.381262,0.464477,-0.329432
Jc9c,28,36,18.294510,0.172295,-0.544243
Qc9c,28,40,19.378395,0.161911,-0.522416
Kc9c,28,44,18.083120,0.167582,-0.554525
Ac9c,28,48,13.553022,0.230171,-0.901451
9h9d,29,30,0.712633,0.411095,-3.951745
9s9d,29,31,0.841442,0.410468,-4.025595
Jd9d,29,37,0.699672,0.455612,13.700134
Qd9d,29,41,0.859226,0.452044,13.410606
Kd9d,29,45,3.366555,0.464213,16.971214
Ad9d,29,49,12.487580,0.520614,23.974693
9s9h,30,31,1.489748,0.381003,-5.387342
Th9h,30,34,2.920168,0.493683,4.339877
Jh9h,30,38,16.019224,0.209176,-0.583072
Qh9h,30,42,17.054287,0.198912,-0.571705
Kh9h,30,46,16.126360,0.204412,-0.597643
Ah9h,30,50,10.221955,0.266575,-1.145412
Ts9s,31,35,2.381262,0.464477,-0.329432
Js9s,31,39,18.294510,0.172295,-0.544243
Qs9s,31,43,19.378395,0.161911,-0.522416
Ks9s,31,47,18.083120,0.167582,-0.554525
As9s,31,51,13.553022,0.230171,-0.901451
ThTc,32,34,13.411411,0.906686,131.309174
TsTc,32,35,13.157028,0.905099,130.951233
JcTc,32,36,2.296878,0.488287,-0.232318
QcTc,32,40,1.880938,0.508486,0.977202
KcTc,32,44,3.898460,0.532650,4.013226
AcTc,32,48,7.204389,0.566941,11.925340
AdTc,32,49,7.257360,0.608112,20.027662
AhTc,32,50,6.800484,0.573636,12.839117
AsTc,32,51,7.067996,0.567961,11.689678
TsTh,34,35,13.411411,0.906686,131.309174
JhTh,34,38,1.920766,0.513223,4.635265
QhTh,34,42,1.784922,0.530449,6.420294
KhTh,34,46,5.857241,0.555654,11.927430
AcTh,34,48,7.578226,0.569278,12.061721
AdTh,34,49,7.528780,0.609689,20.186081
AhTh,34,50,10.209604,0.593702,21.662312
AsTh,34,51,7.578226,0.569278,12.061721
JsTs,35,39,2.296878,0.488287,-0.232318
QsTs,35,43,1.880938,0.508486,0.977202
KsTs,35,47,3.898460,0.532650,4.013226
AcTs,35,48,7.067996,0.567961,11.689678
AdTs,35,49,7.257360,0.608112,20.027662
AhTs,35,50,6.800484,0.573636,12.839117
AsTs,35,51,7.204389,0.566941,11.925340
JdJc,36,37,6.218749,0.555188,9.352179
JhJc,36,38,4.589039,0.529349,3.806267
JsJc,36,39,4.918362,0.532144,4.680724
QcJc,36,40,18.048864,0.191391,-0.507372
KcJc,36,44,17.239788,0.199355,-0.687724
KdJc,36,45,14.714408,0.236785,-0.757573
KhJc,36,46,17.468567,0.198430,-0.615817
KsJc,36,47,17.284187,0.198404,-0.673387
AcJc,36,48,10.646565,0.281152,-2.062775
AdJc,36,49,9.307860,0.326342,-2.739266
AhJc,36,50,10.945333,0.284783,-2.104213
AsJc,36,51,10.646628,0.281152,-2.062644
JhJd,37,38,5.788379,0.552609,7.989980
JsJd,37,39,6.218749,0.555188,9.352179
QdJd,37,41,6.952561,0.474033,21.625351
KcJd,37,44,15.360685,0.227414,-0.822280
KdJd,37,45,10.092094,0.484681,23.650444
KhJd,37,46,15.417520,0.227551,-0.786660
KsJd,37,47,15.360685,0.227414,-0.822280
AcJd,37,48,9.554590,0.307412,-2.774819
AdJd,37,49,19.776428,0.551815,30.105869
AhJd,37,50,10.045794,0.310985,-2.728734
AsJd,37,51,9.554590,0.307412,-2.774819
JsJh,38,39,4.589039,0.529349,3.806267
QhJh,38,42,15.243408,0.228750,-0.576995
KcJh,38,44,17.451231,0.199717,-0.619299
KdJh,38,45,14.797301,0.238082,-0.727840
KhJh,38,46,14.941238,0.236263,-0.684155
KsJh,38,47,17.451231,0.199717,-0.619299
AcJh,38,48,10.674404,0.283201,-2.016819
AdJh,38,49,9.338009,0.328437,-2.749460
AhJh,38,50,8.890796,0.318800,-2.512012
AsJh,38,51,10.674404,0.283201,-2.016819
QsJs,39,43,18.048864,0.191391,-0.507372
KcJs,39,44,17.284187,0.198404,-0.673387
KdJs,39,45,14.714408,0.236785,-0.757573
KhJs,39,46,17.468567,0.198430,-0.615817
KsJs,39,47,17.239788,0.199355,-0.687724
AcJs,39,48,10.646628,0.281152,-2.062644
AdJs,39,49,9.307860,0.326342,-2.739266
AhJs,39,50,10.945333,0.284783,-2.104213
AsJs,39,51,10.646565,0.281152,-2.062775
QdQc,40,41,20.494589,0.634234,41.040886
QhQc,40,42,18.509272,0.606632,32.925529
QsQc,40,43,18.625628,0.604589,32.348843
KcQc,40,44,15.780499,0.225503,-0.814896
KdQc,40,45,14.055084,0.262039,-0.737016
KhQc,40,46,15.845235,0.225487,-0.753607
KsQc,40,47,15.783474,0.225501,-0.813645
AcQc,40,48,7.794607,0.329617,-3.703299
AdQc,40,49,8.046460,0.371341,-2.276211
AhQc,40,50,8.515356,0.333545,-3.649382
AsQc,40,51,7.788628,0.329628,-3.698477
QhQd,41,42,20.360489,0.636263,41.613342
QsQd,41,43,20.494589,0.634234,41.040886
KcQd,41,44,13.995376,0.256780,-0.920279
KdQd,41,45,13.066118,0.502142,27.081158
KhQd,41,46,13.820102,0.256917,-0.857545
KsQd,41,47,13.995376,0.256780,-0.920279
AcQd,41,48,7.419489,0.356473,-3.152007
AdQd,41,49,20.664705,0.581236,32.252129
AhQd,41,50,7.638632,0.360486,-3.168685
AsQd,41,51,7.419489,0.356473,-3.152007
QsQh,42,43,18.509272,0.606632,32.925529
KcQh,42,44,15.971539,0.226441,-0.778535
KdQh,42,45,14.110573,0.263026,-0.705375
KhQh,42,46,13.327887,0.260891,-0.717017
KsQh,42,47,15.971539,0.226441,-0.778535
AcQh,42,48,7.770139,0.330920,-3.608228
AdQh,42,49,8.312448,0.372696,-2.111056
AhQh,42,50,6.113791,0.364707,-2.912241
AsQh,42,51,7.770139,0.330920,-3.608228
KcQs,43,44,15.783474,0.225501,-0.813645
KdQs,43,45,14.055084,0.262039,-0.737016
KhQs,43,46,15.845235,0.225487,-0.753607
KsQs,43,47,15.780499,0.225503,-0.814896
AcQs,43,48,7.788628,0.329628,-3.698477
AdQs,43,49,8.046460,0.371341,-2.276211
AhQs,43,50,8.515356,0.333545,-3.649382
AsQs,43,51,7.794607,0.329617,-3.703299
AdKc,44,49,5.184808,0.422915,-2.243371
AhKc,44,50,5.022033,0.391246,-3.137712
AsKc,44,51,5.106953,0.386365,-3.189234
AcKd,45,48,3.400113,0.417877,-3.618045
AhKd,45,50,3.485309,0.422788,-3.394537
AsKd,45,51,3.400113,0.417877,-3.618045
AcKh,46,48,4.838404,0.386431,-3.097075
AdKh,46,49,4.779515,0.423033,-2.197610
AsKh,46,51,4.838404,0.386431,-3.097075
AcKs,47,48,5.106953,0.386365,-3.189234
AdKs,47,49,5.184808,0.422915,-2.243371
AhKs,47,50,5.022033,0.391246,-3.137712

# STRATEGY
num_actions: 3
actions: Fold,Call,Raise(87)
strategy_data:
0.713159,0.234909,0.051932
0.682745,0.264355,0.052900
0.685669,0.262072,0.052259
0.682525,0.286369,0.031106
0.713033,0.235166,0.051801
0.713159,0.234909,0.051932
0.000000,0.046409,0.953591
0.682745,0.264355,0.052900
0.586429,0.375941,0.037629
0.682525,0.286369,0.031106
0.000000,0.280384,0.719616
0.000000,0.269672,0.730328
0.000000,0.240800,0.759200
0.733774,0.220306,0.045920
0.000000,0.280384,0.719616
0.000000,0.102208,0.897792
0.000000,0.240800,0.759200
0.733774,0.220306,0.045920
0.769969,0.191539,0.038492
0.710370,0.239802,0.049828
0.704514,0.245371,0.050115
0.578111,0.342934,0.078955
0.327172,0.631822,0.041006
0.655285,0.311074,0.033641
0.773600,0.187819,0.038581
0.769969,0.191539,0.038492
0.000000,0.554010,0.445990
0.000000,0.044872,0.955128
0.710370,0.239802,0.049828
0.481333,0.400362,0.118305
0.240506,0.698836,0.060658
0.541599,0.408856,0.049545
0.578111,0.342934,0.078955
0.327172,0.631822,0.041006
0.655285,0.311074,0.033641
0.000000,0.265867,0.734133
0.000000,0.263360,0.736640
0.582834,0.347401,0.069765
0.646725,0.301314,0.051961
0.614702,0.318610,0.066688
0.594236,0.304672,0.101091
0.000000,0.265867,0.734133
0.491231,0.413114,0.095655
0.517136,0.392055,0.090808
0.515600,0.387566,0.096835
0.535397,0.357987,0.106617
0.582834,0.347401,0.069765
0.646725,0.301314,0.051961
0.614702,0.318610,0.066688
0.594236,0.304672,0.101091
0.690495,0.241084,0.068421
0.813756,0.146090,0.040154
0.810263,0.150424,0.039312
0.751556,0.223379,0.025065
0.975444,0.003997,0.020560
0.975497,0.002320,0.022182
0.974111,0.002696,0.023193
0.967958,0.006469,0.025573
0.682973,0.244649,0.072379
0.690495,0.241084,0.068421
0.000744,0.750183,0.249074
0.396418,0.449655,0.153927
0.384617,0.442462,0.172920
0.102674,0.480955,0.416370
0.000000,0.128276,0.871724
0.813756,0.146090,0.040154
0.685291,0.285995,0.028714
0.975135,0.000000,0.024865
0.974047,0.000000,0.025953
0.971821,0.001204,0.026975
0.943646,0.031416,0.024938
0.751556,0.223379,0.025065
0.975444,0.003997,0.020560
0.975497,0.002320,0.022182
0.974111,0.002696,0.023193
0.967958,0.006469,0.025573
0.662797,0.256476,0.080727
0.817020,0.137216,0.045764
0.812988,0.142364,0.044649
0.976493,0.001702,0.021805
0.976006,0.000713,0.023281
0.569107,0.296373,0.134520
0.975406,0.002275,0.022319
0.966589,0.008444,0.024968
0.661193,0.256614,0.082193
0.662797,0.256476,0.080727
0.390742,0.457301,0.151957
0.379959,0.442307,0.177734
0.136860,0.470440,0.392700
0.000000,0.122368,0.877632
0.817020,0.137216,0.045764
0.974785,0.000000,0.025215
0.973619,0.000000,0.026381
0.452817,0.370389,0.176794
0.974473,0.000000,0.025527
0.944196,0.031451,0.024353
0.976493,0.001702,0.021805
0.976006,0.000713,0.023281
0.569107,0.296373,0.134520
0.975406,0.002275,0.022319
0.966589,0.008444,0.024968
0.612455,0.277676,0.109869
0.757920,0.184192,0.057888
0.757928,0.184382,0.057690
0.975536,0.000236,0.024228
0.571717,0.307165,0.121118
0.975034,0.000419,0.024547
0.977059,0.000758,0.022183
0.975835,0.002246,0.021918
0.965000,0.009913,0.025087
0.611788,0.277340,0.110872
0.612455,0.277676,0.109869
0.356962,0.460436,0.182602
0.269223,0.437982,0.292794
0.272551,0.459650,0.267799
0.158712,0.441550,0.399738
0.000000,0.106369,0.893631
0.757920,0.184192,0.057888
0.972304,0.000000,0.027696
0.468599,0.376423,0.154978
0.972436,0.000000,0.027564
0.974626,0.000000,0.025374
0.974558,0.000000,0.025442
0.945776,0.029895,0.024328
0.975536,0.000236,0.024228
0.571717,0.307165,0.121118
0.975034,0.000419,0.024547
0.977059,0.000758,0.022183
0.975835,0.002246,0.021918
0.965000,0.009913,0.025087
0.615127,0.273385,0.111488
0.617832,0.269976,0.112192
0.616592,0.270601,0.112807
0.564265,0.311498,0.124237
0.973716,0.000608,0.025676
0.975749,0.001002,0.023249
0.974189,0.002472,0.023339
0.958490,0.015405,0.026105
0.616334,0.272676,0.110990
0.615127,0.273385,0.111488
0.210335,0.435646,0.354019
0.205582,0.446135,0.348283
0.104824,0.437131,0.458045
0.000000,0.115886,0.884114
0.617832,0.269976,0.112192
0.465797,0.377803,0.156401
0.971226,0.000000,0.028774
0.973464,0.000000,0.026536
0.972831,0.000000,0.027169
0.935497,0.038307,0.026195
0.564265,0.311498,0.124237
0.973716,0.000608,0.025676
0.975749,0.001002,0.023249
0.974189,0.002472,0.023339
0.958490,0.015405,0.026105
0.000000,0.347946,0.652054
0.000000,0.340699,0.659301
0.563240,0.272608,0.164152
0.510465,0.276564,0.212971
0.396933,0.267451,0.335616
0.128837,0.244068,0.627095
0.070740,0.225107,0.704153
0.121633,0.246855,0.631512
0.136461,0.242069,0.621470
0.000000,0.347946,0.652054
0.447601,0.356314,0.196085
0.380345,0.362892,0.256762
0.203859,0.369982,0.426159
0.131218,0.255528,0.613255
0.070064,0.231119,0.698817
0.049943,0.309709,0.640348
0.131218,0.255528,0.613255
0.563240,0.272608,0.164152
0.510465,0.276564,0.212971
0.396933,0.267451,0.335616
0.136461,0.242069,0.621470
0.070740,0.225107,0.704153
0.121633,0.246855,0.631512
0.128837,0.244068,0.627095
0.264277,0.172145,0.563578
0.431081,0.185719,0.383200
0.408189,0.184758,0.407053
0.972190,0.002035,0.025775
0.959786,0.015220,0.024994
0.938482,0.027877,0.033642
0.965223,0.010316,0.024460
0.961249,0.014007,0.024744
0.879511,0.092678,0.027810
0.641550,0.288133,0.070317
0.873002,0.098532,0.028465
0.879524,0.092664,0.027811
0.297235,0.170505,0.532260
0.264277,0.172145,0.563578
0.059113,0.446776,0.494111
0.940687,0.028150,0.031163
0.027616,0.404108,0.568275
0.943116,0.025743,0.031141
0.940687,0.028150,0.031163
0.788045,0.174847,0.037108
0.000000,0.071272,0.928728
0.780802,0.182588,0.036610
0.788045,0.174847,0.037108
0.431081,0.185719,0.383200
0.964153,0.006868,0.028979
0.964174,0.011589,0.024237
0.940353,0.026365,0.033282
0.952754,0.018996,0.028250
0.964174,0.011589,0.024237
0.880919,0.091244,0.027837
0.643772,0.280625,0.075602
0.765303,0.201997,0.032700
0.880919,0.091244,0.027837
0.972190,0.002035,0.025775
0.961249,0.014007,0.024744
0.938482,0.027877,0.033642
0.965223,0.010316,0.024460
0.959786,0.015220,0.024994
0.879524,0.092664,0.027811
0.641550,0.288133,0.070317
0.873002,0.098532,0.028465
0.879511,0.092678,0.027810
0.000000,0.212176,0.787824
0.000000,0.215035,0.784965
0.000000,0.211983,0.788017
0.949232,0.026516,0.024252
0.929962,0.040219,0.029819
0.953694,0.022159,0.024147
0.949318,0.026413,0.024269
0.748832,0.213758,0.037410
0.611762,0.316681,0.071557
0.736271,0.228312,0.035417
0.749063,0.213445,0.037491
0.000000,0.214511,0.785489
0.000000,0.212176,0.787824
0.916628,0.055309,0.028063
0.000000,0.462894,0.537106
0.922217,0.049680,0.028103
0.916628,0.055309,0.028063
0.697256,0.247135,0.055609
0.000000,0.051762,0.948238
0.673024,0.269620,0.057357
0.697256,0.247135,0.055609
0.000000,0.215035,0.784965
0.951219,0.024799,0.023982
0.932336,0.038092,0.029572
0.940406,0.036068,0.023526
0.951219,0.024799,0.023982
0.752301,0.210007,0.037692
0.616335,0.316044,0.067621
0.648697,0.303219,0.048084
0.752301,0.210007,0.037692
0.949318,0.026413,0.024269
0.929962,0.040219,0.029819
0.953694,0.022159,0.024147
0.949232,0.026516,0.024252
0.749063,0.213445,0.037491
0.611762,0.316681,0.071557
0.736271,0.228312,0.035417
0.748832,0.213758,0.037410
0.536219,0.341364,0.122417
0.767445,0.181207,0.051348
0.781026,0.165992,0.052982
0.580695,0.286139,0.133166
0.575188,0.287528,0.137284
0.580695,0.286139,0.133166
0.784667,0.162610,0.052723
0.536454,0.339240,0.124306
0.784667,0.162610,0.052723
0.781026,0.165992,0.052982
0.536219,0.341364,0.122417
0.767445,0.181207,0.051348
action_ev_data:
0.000000,-8.214451,-23.650394
0.000000,-11.062370,-24.201180
0.000000,-11.367403,-24.252300
0.000000,-1.218767,-22.327229
0.000000,-7.914730,-23.605824
0.000000,-8.214451,-23.650394
0.000000,46.603966,42.637405
0.000000,-11.062370,-24.201180
0.000000,5.027762,-17.823757
0.000000,-1.218767,-22.327229
0.000000,132.339813,113.134888
0.000000,129.720612,111.419228
0.000000,88.955994,72.121124
0.000000,-7.428864,-27.489075
0.000000,132.339813,113.134888
0.000000,49.776173,37.290840
0.000000,88.955994,72.121124
0.000000,-7.428864,-27.489075
0.000000,-6.462959,-23.217064
0.000000,-10.130428,-24.590858
0.000000,-10.358248,-24.745426
0.000000,3.896929,-25.856030
0.000000,19.685144,-8.935379
0.000000,1.682604,-22.564442
0.000000,-6.237030,-23.224033
0.000000,-6.462959,-23.217064
0.000000,55.886738,40.140381
0.000000,50.039574,44.893223
0.000000,-10.130428,-24.590858
0.000000,12.059532,-18.873486
0.000000,25.008183,-3.121880
0.000000,8.234171,-14.351803
0.000000,3.896929,-25.856030
0.000000,19.685144,-8.935379
0.000000,1.682604,-22.564442
0.000000,130.097870,112.143967
0.000000,129.819000,112.650032
0.000000,3.915232,-27.623737
0.000000,1.382256,-27.215199
0.000000,-0.351610,-27.331757
0.000000,-3.313232,-29.538982
0.000000,130.097870,112.143967
0.000000,12.012648,-22.100670
0.000000,9.474891,-24.615795
0.000000,8.523429,-25.199703
0.000000,6.806160,-22.877644
0.000000,3.915232,-27.623737
0.000000,1.382256,-27.215199
0.000000,-0.351610,-27.331757
0.000000,-3.313232,-29.538982
0.000000,-4.521425,-25.922276
0.000000,-8.333000,-27.278645
0.000000,-8.612185,-27.314571
0.000000,-0.382641,-22.397625
0.000000,-17.524101,-23.951656
0.000000,-17.232170,-23.729866
0.000000,-15.410519,-22.606785
0.000000,-17.561234,-24.861801
0.000000,-4.190163,-25.824928
0.000000,-4.521425,-25.922276
0.000000,34.989140,19.430901
0.000000,17.176365,-0.254143
0.000000,18.002752,0.427265
0.000000,23.796844,14.318755
0.000000,27.710421,24.112259
0.000000,-8.333000,-27.278645
0.000000,4.016139,-22.406643
0.000000,-13.969746,-23.400497
0.000000,-13.995853,-23.598045
0.000000,-10.837782,-22.458511
0.000000,-12.252350,-24.336338
0.000000,-0.382641,-22.397625
0.000000,-17.524101,-23.951656
0.000000,-17.232170,-23.729866
0.000000,-15.410519,-22.606785
0.000000,-17.561234,-24.861801
0.000000,-5.092377,-26.183933
0.000000,-8.845449,-27.641655
0.000000,-9.158781,-27.740311
0.000000,-17.060307,-23.782906
0.000000,-16.761368,-23.592579
0.000000,9.087078,-20.169743
0.000000,-16.092800,-22.600071
0.000000,-17.723774,-24.787640
0.000000,-4.782789,-26.132900
0.000000,-5.092377,-26.183933
0.000000,17.999134,-0.143438
0.000000,18.928726,0.651476
0.000000,22.437681,12.591915
0.000000,27.818924,24.275290
0.000000,-8.845449,-27.641655
0.000000,-13.535137,-23.200459
0.000000,-13.387493,-23.431961
0.000000,18.725334,-11.501814
0.000000,-11.941330,-22.419628
0.000000,-12.604965,-24.232227
0.000000,-17.060307,-23.782906
0.000000,-16.761368,-23.592579
0.000000,9.087078,-20.169743
0.000000,-16.092800,-22.600071
0.000000,-17.723774,-24.787640
0.000000,-4.849422,-26.871712
0.000000,-8.657505,-27.824047
0.000000,-8.991154,-28.176254
0.000000,-16.715504,-23.487236
0.000000,8.056096,-21.926563
0.000000,-16.531418,-21.086285
0.000000,-17.289486,-22.009674
0.000000,-16.358284,-22.534100
0.000000,-18.136856,-24.317780
0.000000,-4.515188,-26.522964
0.000000,-4.849422,-26.871712
0.000000,19.535000,1.854010
0.000000,21.069551,7.654722
0.000000,19.620867,7.824387
0.000000,21.113461,12.050156
0.000000,26.266607,23.374010
0.000000,-8.657505,-27.824047
0.000000,-13.138092,-23.089756
0.000000,17.681238,-13.896782
0.000000,-12.797989,-20.105854
0.000000,-13.427856,-21.360828
0.000000,-12.514904,-22.139545
0.000000,-13.358921,-23.724392
0.000000,-16.715504,-23.487236
0.000000,8.056096,-21.926563
0.000000,-16.531418,-21.086285
0.000000,-17.289486,-22.009674
0.000000,-16.358284,-22.534100
0.000000,-18.136856,-24.317780
0.000000,-3.737383,-26.943302
0.000000,-8.069256,-28.601276
0.000000,-8.340782,-28.519112
0.000000,7.617954,-21.752041
0.000000,-15.704765,-20.824505
0.000000,-16.292465,-21.767971
0.000000,-15.466652,-22.121510
0.000000,-17.585117,-24.154793
0.000000,-3.482613,-27.048489
0.000000,-3.737383,-26.943302
0.000000,23.150528,10.210477
0.000000,21.891937,10.462330
0.000000,23.567410,14.560091
0.000000,27.164162,23.556633
0.000000,-8.069256,-28.601276
0.000000,17.273026,-13.976391
0.000000,-11.661570,-20.264000
0.000000,-12.250450,-21.544250
0.000000,-11.450579,-21.997158
0.000000,-13.222916,-24.389030
0.000000,7.617954,-21.752041
0.000000,-15.704765,-20.824505
0.000000,-16.292465,-21.767971
0.000000,-15.466652,-22.121510
0.000000,-17.585117,-24.154793
0.000000,148.508759,122.131218
0.000000,148.134689,122.071526
0.000000,9.811934,-17.709961
0.000000,12.623199,-11.804039
0.000000,17.609221,-2.074900
0.000000,24.462784,9.495787
0.000000,32.015717,18.207264
0.000000,25.452028,10.381689
0.000000,24.322777,9.335732
0.000000,148.508759,122.131218
0.000000,18.901262,-10.707207
0.000000,21.524734,-5.416941
0.000000,26.779587,4.738750
0.000000,24.932440,9.279659
0.000000,32.375748,18.178465
0.000000,34.790817,17.002136
0.000000,24.932440,9.279659
0.000000,9.811934,-17.709961
0.000000,12.623199,-11.804039
0.000000,17.609221,-2.074900
0.000000,24.322777,9.335732
0.000000,32.015717,18.207264
0.000000,25.452028,10.381689
0.000000,24.462784,9.495787
0.000000,23.169127,9.517285
0.000000,16.957054,1.714582
0.000000,17.884640,3.381361
0.000000,-14.528843,-18.537342
0.000000,-13.825172,-19.096813
0.000000,-7.523317,-16.284721
0.000000,-13.387447,-19.529877
0.000000,-13.877583,-19.358597
0.000000,-15.110935,-23.815536
0.000000,-5.187101,-17.701210
0.000000,-14.688095,-23.079369
0.000000,-15.111523,-23.815540
0.000000,22.202728,7.898969
0.000000,23.169127,9.517285
0.000000,26.925426,19.420151
0.000000,-10.582176,-16.827480
0.000000,27.875889,21.795010
0.000000,-10.006643,-16.989155
0.000000,-10.582176,-16.827480
0.000000,-11.501501,-20.583805
0.000000,32.423462,29.928013
0.000000,-10.966578,-19.840847
0.000000,-11.501501,-20.583805
0.000000,16.957054,1.714582
0.000000,-9.710133,-17.609463
0.000000,-13.806820,-18.950089
0.000000,-7.576365,-15.866947
0.000000,-8.644480,-18.405437
0.000000,-13.806820,-18.950089
0.000000,-14.962341,-23.407547
0.000000,-5.164787,-17.196426
0.000000,-8.984581,-21.319740
0.000000,-14.962341,-23.407547
0.000000,-14.528843,-18.537342
0.000000,-13.877583,-19.358597
0.000000,-7.523317,-16.284721
0.000000,-13.387447,-19.529877
0.000000,-13.825172,-19.096813
0.000000,-15.111523,-23.815540
0.000000,-5.187101,-17.701210
0.000000,-14.688095,-23.079369
0.000000,-15.110935,-23.815536
0.000000,53.057030,37.804710
0.000000,45.007652,29.615725
0.000000,44.392002,29.109138
0.000000,-12.474144,-19.962303
0.000000,-5.763216,-16.943092
0.000000,-12.043354,-20.157215
0.000000,-12.461136,-19.964043
0.000000,-13.006683,-24.673058
0.000000,-2.554859,-20.503105
0.000000,-12.272614,-23.926311
0.000000,-12.994671,-24.667664
0.000000,53.715023,38.308464
0.000000,53.057030,37.804710
0.000000,-7.477137,-18.056927
0.000000,30.371338,24.245581
0.000000,-6.928452,-18.266491
0.000000,-7.477137,-18.056927
0.000000,-7.634338,-22.753426
0.000000,36.708775,32.008850
0.000000,-7.062384,-22.046783
0.000000,-7.634338,-22.753426
0.000000,45.007652,29.615725
0.000000,-12.172501,-19.876091
0.000000,-5.445543,-16.838097
0.000000,-6.684858,-20.228657
0.000000,-12.172501,-19.876091
0.000000,-12.769730,-24.580582
0.000000,-2.282757,-20.549984
0.000000,-5.542233,-25.616180
0.000000,-12.769730,-24.580582
0.000000,-12.461136,-19.964043
0.000000,-5.763216,-16.943092
0.000000,-12.043354,-20.157215
0.000000,-12.474144,-19.962303
0.000000,-12.994671,-24.667664
0.000000,-2.554859,-20.503105
0.000000,-12.272614,-23.926311
0.000000,-13.006683,-24.673058
0.000000,1.419636,-22.284294
0.000000,-9.399254,-27.936954
0.000000,-10.056549,-28.687660
0.000000,-1.629396,-23.668312
0.000000,-1.008598,-22.614033
0.000000,-1.629396,-23.668312
0.000000,-9.687897,-28.862888
0.000000,1.749329,-22.453037
0.000000,-9.687897,-28.862888
0.000000,-10.056549,-28.687660
0.000000,1.419636,-22.284294
0.000000,-9.399254,-27.936954
