# HAND DATA FORMAT 1.0
board_size: 3
board: 3h 5d Td
pot_oop: 20
pot_ip: 30
current_player: 0

# PLAYER: OOP
hands_count: 190
hand,card1,card2,weight,equity,ev
5c4c,8,12,67.206215,0.606025,4.506269
Ac4c,8,48,62.016815,0.511994,3.209137
Ad4d,9,49,45.997246,0.702116,27.703371
5h4h,10,14,60.375408,0.623281,7.283565
Ah4h,10,50,71.474518,0.537235,5.933184
5s4s,11,15,67.206215,0.606025,4.506269
As4s,11,51,62.016815,0.511994,3.209137
6c5c,12,16,67.033684,0.607400,4.014675
7c5c,12,20,63.801888,0.600604,3.508161
8c5c,12,24,62.809807,0.594292,2.877211
Ac5c,12,48,67.485802,0.612670,2.771028
6h5h,14,18,63.574512,0.626229,6.838377
7h5h,14,22,64.010086,0.619526,5.625079
8h5h,14,26,69.497780,0.614419,4.507210
Ah5h,14,50,63.206142,0.635542,6.202661
6s5s,15,19,67.033684,0.607400,4.014675
7s5s,15,23,63.801888,0.600604,3.508161
8s5s,15,27,62.809807,0.594292,2.877211
As5s,15,51,67.485802,0.612670,2.771028
6d6c,16,17,68.112503,0.606230,2.580859
6h6c,16,18,58.023865,0.578553,1.861139
6s6c,16,19,63.846809,0.575575,1.529331
7c6c,16,20,55.348015,0.305762,2.449996
8c6c,16,24,39.706329,0.199721,1.081503
9c6c,16,28,47.694935,0.221947,1.100104
6h6d,17,18,68.186325,0.609100,2.697662
6s6d,17,19,68.112503,0.606230,2.580859
7d6d,17,21,39.451439,0.541218,17.254637
8d6d,17,25,70.060654,0.476083,10.265780
9d6d,17,29,54.493378,0.492484,10.948285
6s6h,18,19,58.023865,0.578553,1.861139
7h6h,18,22,64.884560,0.337208,3.979175
8h6h,18,26,42.134674,0.236885,1.295291
9h6h,18,30,48.593651,0.258739,1.306917
7s6s,19,23,55.348015,0.305762,2.449996
8s6s,19,27,39.706329,0.199721,1.081503
9s6s,19,31,47.694935,0.221947,1.100104
7d7c,20,21,73.197647,0.614755,2.405010
7h7c,20,22,65.759621,0.589315,1.518363
7s7c,20,23,66.005486,0.586431,1.422071
8c7c,20,24,49.402515,0.208156,1.083384
9c7c,20,28,51.010632,0.230884,1.112497
7h7d,21,22,72.717171,0.617516,2.559807
7s7d,21,23,73.197647,0.614755,2.405010
8d7d,21,25,70.915260,0.484128,10.447831
9d7d,21,29,42.843918,0.500473,11.090966
7s7h,22,23,65.759621,0.589315,1.518363
8h7h,22,26,49.178734,0.245256,1.293046
9h7h,22,30,50.250996,0.267933,1.330157
8s7s,23,27,49.402515,0.208156,1.083384
9s7s,23,31,51.010632,0.230884,1.112497
8d8c,24,25,77.946365,0.622706,2.191285
8h8c,24,26,71.864105,0.592749,0.554201
8s8c,24,27,71.323502,0.588744,0.422215
9c8c,24,28,50.989468,0.233595,1.019690
Ac8c,24,48,56.871479,0.458515,1.508177
8h8d,25,26,78.219505,0.626427,2.418136
8s8d,25,27,77.946365,0.622706,2.191285
9d8d,25,29,40.190136,0.505270,11.283699
Ad8d,25,49,7.333524,0.682695,19.802437
8s8h,26,27,71.864105,0.592749,0.554201
9h8h,26,30,51.197803,0.271114,1.226207
Ah8h,26,50,43.144135,0.490343,1.326510
9s8s,27,31,50.989468,0.233595,1.019690
As8s,27,51,56.871479,0.458515,1.508177
9d9c,28,29,84.301300,0.641995,3.345805
9h9c,28,30,81.628281,0.615165,1.489924
9s9c,28,31,81.687164,0.610869,1.395312
Kc9c,28,44,32.892097,0.312722,0.945727
Ac9c,28,48,56.259991,0.469969,1.575074
9h9d,29,30,84.434952,0.645990,3.453351
9s9d,29,31,84.301300,0.641995,3.345805
Kd9d,29,45,8.389935,0.569208,12.611020
Ad9d,29,49,26.133114,0.688949,20.559887
9s9h,30,31,81.628281,0.615165,1.489924
Kh9h,30,46,44.038109,0.351530,1.460175
Ah9h,30,50,48.632256,0.502242,1.524787
Ks9s,31,47,32.892097,0.312722,0.945727
As9s,31,51,56.259991,0.469969,1.575074
ThTc,32,34,68.890778,0.926349,62.483292
TsTc,32,35,68.835518,0.926134,62.823303
JcTc,32,36,60.660797,0.678374,10.685109
QcTc,32,40,60.409447,0.685671,7.599442
KcTc,32,44,60.076694,0.681479,5.816855
AcTc,32,48,41.381477,0.698393,11.115117
TsTh,34,35,68.890778,0.926349,62.483292
JhTh,34,38,60.373280,0.698545,10.541211
QhTh,34,42,55.219669,0.706252,10.805625
KhTh,34,46,48.708355,0.703627,9.994411
AhTh,34,50,46.406609,0.719319,14.549087
JsTs,35,39,60.660797,0.678374,10.685109
QsTs,35,43,60.409447,0.685671,7.599442
KsTs,35,47,60.076694,0.681479,5.816855
AsTs,35,51,41.381477,0.698393,11.115117
JdJc,36,37,41.315498,0.708156,12.326859
JhJc,36,38,35.276016,0.684977,8.921785
JsJc,36,39,34.173664,0.681988,8.719766
QcJc,36,40,33.880558,0.298410,1.455159
KcJc,36,44,35.228455,0.361853,1.114420
AcJc,36,48,44.490177,0.515110,1.240961
AdJc,36,49,44.441872,0.560774,3.418715
AhJc,36,50,46.783081,0.519551,1.440874
AsJc,36,51,44.484573,0.515110,1.241227
JhJd,37,38,42.346043,0.711026,12.458653
JsJd,37,39,41.315498,0.708156,12.326859
QdJd,37,41,19.454197,0.555563,14.394132
KdJd,37,45,32.707527,0.598948,14.494482
AcJd,37,48,48.721233,0.548465,2.259983
AdJd,37,49,43.200840,0.715670,23.105007
AhJd,37,50,47.840618,0.552674,2.384050
AsJd,37,51,48.721233,0.548465,2.259983
JsJh,38,39,35.276016,0.684977,8.921785
QhJh,38,42,39.794144,0.335006,2.095294
KhJh,38,46,46.790455,0.398210,1.403323
AcJh,38,48,48.200863,0.518381,1.395509
AdJh,38,49,43.993290,0.564006,3.659610
AhJh,38,50,51.498806,0.545276,2.187306
AsJh,38,51,48.200863,0.518381,1.395509
QsJs,39,43,33.880558,0.298410,1.455159
KsJs,39,47,35.228455,0.361853,1.114420
AcJs,39,48,44.484573,0.515110,1.241227
AdJs,39,49,44.441872,0.560774,3.418715
AhJs,39,50,46.783081,0.519551,1.440874
AsJs,39,51,44.490177,0.515110,1.240961
QdQc,40,41,39.945305,0.766400,22.659019
QhQc,40,42,35.229282,0.742877,19.514875
QsQc,40,43,34.385021,0.739805,19.371992
KcQc,40,44,42.323807,0.425666,1.352866
KdQc,40,45,45.161880,0.468777,2.542921
KhQc,40,46,41.133850,0.430406,1.334870
KsQc,40,47,42.281898,0.425666,1.352453
AcQc,40,48,52.288860,0.559389,1.898680
AdQc,40,49,50.961349,0.604255,4.930678
AhQc,40,50,50.225815,0.563865,1.871277
AsQc,40,51,52.322296,0.559389,1.889597
QhQd,41,42,41.239979,0.769325,22.778791
QsQd,41,43,39.945305,0.766400,22.659019
KcQd,41,44,43.923115,0.465025,2.550188
KdQd,41,45,37.079929,0.642045,16.687801
KhQd,41,46,42.701195,0.469527,2.641276
KsQd,41,47,43.923115,0.465025,2.550188
AcQd,41,48,59.464035,0.594382,3.091654
AdQd,41,49,42.861729,0.745171,23.581423
AhQd,41,50,55.987232,0.598624,3.420938
AsQd,41,51,59.464035,0.594382,3.091654
QsQh,42,43,35.229282,0.742877,19.514875
KcQh,42,44,41.539928,0.428957,1.389159
KdQh,42,45,44.704597,0.471832,2.669754
KhQh,42,46,45.278385,0.459664,2.360259
KsQh,42,47,41.539928,0.428957,1.389159
AcQh,42,48,52.264458,0.562800,1.955323
AdQh,42,49,50.671864,0.607600,5.095119
AhQh,42,50,60.346851,0.587796,3.426291
AsQh,42,51,52.264458,0.562800,1.955323
KcQs,43,44,42.281898,0.425666,1.352453
KdQs,43,45,45.161880,0.468777,2.542921
KhQs,43,46,41.133850,0.430406,1.334870
KsQs,43,47,42.323807,0.425666,1.352866
AcQs,43,48,52.322296,0.559389,1.889597
AdQs,43,49,50.961349,0.604255,4.930678
AhQs,43,50,50.225815,0.563865,1.871277
AsQs,43,51,52.288860,0.559389,1.898680
KdKc,44,45,39.038811,0.796656,30.904709
KhKc,44,46,31.719913,0.771084,27.233677
KsKc,44,47,29.964241,0.767066,27.310749
AcKc,44,48,58.449749,0.579399,1.246104
AdKc,44,49,58.046764,0.622944,4.928737
AhKc,44,50,59.228565,0.583666,1.419764
AsKc,44,51,62.352886,0.579213,1.292649
KhKd,45,46,41.202686,0.800369,30.762739
KsKd,45,47,39.038811,0.796656,30.904709
AcKd,45,48,67.372536,0.616063,3.214607
AdKd,45,49,50.800827,0.757778,23.554485
AhKd,45,50,66.608574,0.620158,3.331541
AsKd,45,51,67.372536,0.616063,3.214607
KsKh,46,47,31.719913,0.771084,27.233677
AcKh,46,48,60.127106,0.583839,1.383042
AdKh,46,49,57.439590,0.627524,4.854902
AhKh,46,50,68.348991,0.607527,3.189000
AsKh,46,51,60.127106,0.583839,1.383042
AcKs,47,48,62.352886,0.579213,1.292649
AdKs,47,49,58.046764,0.622944,4.928737
AhKs,47,50,59.228565,0.583666,1.419764
AsKs,47,51,58.449749,0.579399,1.246104
AdAc,48,49,35.987675,0.850229,33.169147
AhAc,48,50,34.990517,0.816382,30.685966
AsAc,48,51,34.120258,0.813133,30.736202
AhAd,49,50,40.925762,0.853350,33.008308
AsAd,49,51,35.987675,0.850229,33.169147
AsAh,50,51,34.990517,0.816382,30.685966

# PLAYER: IP
hands_count: 271
hand,card1,card2,weight,equity,ev
2d2c,0,1,20.191792,0.438157,16.113480
2h2c,0,2,19.458731,0.415902,15.482126
2s2c,0,3,19.796276,0.415010,15.459642
Ac2c,0,48,28.286585,0.371339,17.015018
2h2d,1,2,19.997328,0.439049,16.146013
2s2d,1,3,20.191792,0.438157,16.113480
Ad2d,1,49,83.556931,0.608097,37.643013
2s2h,2,3,19.458731,0.415902,15.482126
Ah2h,2,50,19.713474,0.402244,18.590784
As2s,3,51,28.286585,0.371339,17.015018
3d3c,4,5,88.430634,0.901321,68.326851
3s3c,4,7,88.372452,0.898001,67.534317
5c3c,4,12,88.417900,0.797632,50.028126
Ac3c,4,48,5.210618,0.473146,16.682194
3s3d,5,7,88.430634,0.901321,68.326851
Ad3d,5,49,49.896812,0.689090,37.291603
5s3s,7,15,88.417900,0.797632,50.028126
As3s,7,51,5.210618,0.473146,16.682194
4d4c,8,9,22.606787,0.456648,16.820910
4h4c,8,10,20.671274,0.435525,15.977497
4s4c,8,11,21.186964,0.434966,15.839941
5c4c,8,12,6.258127,0.503622,18.440056
6c4c,8,16,15.667492,0.395399,22.962538
Ac4c,8,48,21.875458,0.387970,17.440336
4h4d,9,10,21.825157,0.457223,16.933083
4s4d,9,11,22.606787,0.456648,16.820910
6d4d,9,17,70.341255,0.597116,38.580780
Ad4d,9,49,83.496696,0.617274,38.560524
4s4h,10,11,20.671274,0.435525,15.977497
5h4h,10,14,9.941364,0.528301,20.428938
6h4h,10,18,16.417267,0.420750,24.965601
Ah4h,10,50,13.774002,0.417924,19.285717
5s4s,11,15,6.258127,0.503622,18.440056
6s4s,11,19,15.667492,0.395399,22.962538
As4s,11,51,21.875458,0.387970,17.440336
5h5c,12,14,82.711311,0.896697,67.652466
5s5c,12,15,82.811226,0.895475,68.097511
6c5c,12,16,5.181815,0.505912,18.338745
7c5c,12,20,13.881859,0.498930,17.970802
Kc5c,12,44,17.323631,0.514637,18.375879
Ac5c,12,48,3.942646,0.528547,18.143715
5s5h,14,15,82.711311,0.896697,67.652466
6h5h,14,18,9.251383,0.531014,20.467333
7h5h,14,22,18.525541,0.524968,19.706802
Kh5h,14,46,12.719192,0.540892,20.061815
Ah5h,14,50,7.029237,0.557514,20.232325
6s5s,15,19,5.181815,0.505912,18.338745
7s5s,15,23,13.881859,0.498930,17.970802
Ks5s,15,47,17.323631,0.514637,18.375879
As5s,15,51,3.942646,0.528547,18.143715
6d6c,16,17,6.641846,0.530814,18.057354
6h6c,16,18,20.088791,0.505741,17.611256
6s6c,16,19,20.963879,0.504055,17.560944
7c6c,16,20,39.302326,0.293289,16.843025
8c6c,16,24,77.784294,0.189538,14.245598
9c6c,16,28,73.619354,0.214259,14.433182
Kc6c,16,44,68.914116,0.235395,14.738601
Ac6c,16,48,53.346767,0.294811,14.819689
6h6d,17,18,6.009677,0.532489,18.072638
6s6d,17,19,6.641846,0.530814,18.057354
7d6d,17,21,26.571089,0.539326,32.059322
8d6d,17,25,5.908463,0.476971,22.819689
9d6d,17,29,5.491518,0.496660,23.801958
Kd6d,17,45,23.002516,0.519400,27.103836
Ad6d,17,49,60.700203,0.563849,30.272274
6s6h,18,19,20.088791,0.505741,17.611256
7h6h,18,22,32.486931,0.324351,17.657051
8h6h,18,26,75.968422,0.225815,14.770990
9h6h,18,30,64.797714,0.249903,15.003056
Kh6h,18,46,60.597054,0.272060,15.438631
Ah6h,18,50,43.947063,0.329782,15.785652
7s6s,19,23,39.302326,0.293289,16.843025
8s6s,19,27,77.784294,0.189538,14.245598
9s6s,19,31,73.619354,0.214259,14.433182
Ks6s,19,47,68.914116,0.235395,14.738601
As6s,19,51,53.346767,0.294811,14.819689
7d7c,20,21,4.201548,0.558046,17.877411
7h7c,20,22,18.025351,0.532207,17.527264
7s7c,20,23,19.041634,0.530570,17.514315
8c7c,20,24,75.578766,0.199579,14.252250
9c7c,20,28,65.314705,0.225063,14.554522
Tc7c,20,32,9.105985,0.681346,22.786934
Kc7c,20,44,68.574799,0.226404,14.668777
Ac7c,20,48,53.401173,0.296240,14.829786
7h7d,21,22,3.600103,0.559687,17.886101
7s7d,21,23,4.201548,0.558046,17.877411
8d7d,21,25,4.753827,0.483742,23.086990
9d7d,21,29,2.896720,0.505344,24.127630
Kd7d,21,45,12.853155,0.516152,26.533316
Ad7d,21,49,60.515068,0.566528,30.404985
7s7h,22,23,18.025351,0.532207,17.527264
8h7h,22,26,71.742905,0.235576,14.805539
9h7h,22,30,58.543190,0.260692,15.144156
Th7h,22,34,9.121360,0.699038,25.020075
Kh7h,22,46,61.361107,0.264219,15.375560
Ah7h,22,50,43.677479,0.331808,15.806575
8s7s,23,27,75.578766,0.199579,14.252250
9s7s,23,31,65.314705,0.225063,14.554522
Ts7s,23,35,9.105985,0.681346,22.786934
Ks7s,23,47,68.574799,0.226404,14.668777
As7s,23,51,53.401173,0.296240,14.829786
8d8c,24,25,7.739858,0.593096,17.679262
8h8c,24,26,4.909474,0.566304,17.474901
8s8c,24,27,6.602947,0.564066,17.446041
9c8c,24,28,59.976902,0.234921,14.425600
Tc8c,24,32,5.728668,0.674648,22.575577
Jc8c,24,36,66.722054,0.234444,14.721447
Qc8c,24,40,70.421120,0.220366,14.677818
Kc8c,24,44,65.492920,0.218590,14.315695
Ac8c,24,48,46.946049,0.295377,14.639198
8h8d,25,26,7.234947,0.595310,17.688950
8s8d,25,27,7.739858,0.593096,17.679262
9d8d,25,29,2.517951,0.512028,24.078365
Jd8d,25,37,2.442352,0.514998,25.270086
Qd8d,25,41,3.115538,0.508228,24.851397
Kd8d,25,45,4.081786,0.511320,25.745083
Ad8d,25,49,41.405460,0.567160,29.596634
8s8h,26,27,4.909474,0.566304,17.474901
9h8h,26,30,54.787872,0.270922,15.010092
Th8h,26,34,6.424222,0.693064,24.793797
Jh8h,26,38,59.460983,0.271633,15.372684
Qh8h,26,42,64.393478,0.258431,15.296926
Kh8h,26,46,58.593124,0.257522,14.970718
Ah8h,26,50,39.245186,0.332236,15.556822
9s8s,27,31,59.976902,0.234921,14.425600
Ts8s,27,35,5.728668,0.674648,22.575577
Js8s,27,39,66.722054,0.234444,14.721447
Qs8s,27,43,70.421120,0.220366,14.677818
Ks8s,27,47,65.492920,0.218590,14.315695
As8s,27,51,46.946049,0.295377,14.639198
9d9c,28,29,2.785068,0.643392,18.901770
9h9c,28,30,4.916668,0.617349,17.995581
9s9c,28,31,4.987226,0.615395,17.835442
Tc9c,28,32,8.517171,0.673084,22.262236
Jc9c,28,36,62.837658,0.251027,15.151265
Qc9c,28,40,67.185860,0.237051,15.034284
Kc9c,28,44,62.423019,0.238173,14.748901
Ac9c,28,48,45.856697,0.310237,14.841503
9h9d,29,30,2.361888,0.645330,19.065632
9s9d,29,31,2.785068,0.643392,18.901770
Jd9d,29,37,2.473641,0.528547,26.589153
Qd9d,29,41,3.032815,0.521955,26.199352
Kd9d,29,45,11.844593,0.527414,27.140043
Ad9d,29,49,44.408520,0.582303,30.093367
9s9h,30,31,4.916668,0.617349,17.995581
Th9h,30,34,10.546992,0.691539,24.662479
Jh9h,30,38,55.627365,0.288040,15.827693
Qh9h,30,42,59.164585,0.274900,15.719436
Kh9h,30,46,55.559757,0.276190,15.421190
Ah9h,30,50,34.556767,0.346905,15.746207
Ts9s,31,35,8.517171,0.673084,22.262236
Js9s,31,39,62.837658,0.251027,15.151265
Qs9s,31,43,67.185860,0.237051,15.034284
Ks9s,31,47,62.423019,0.238173,14.748901
As9s,31,51,45.856697,0.310237,14.841503
ThTc,32,34,52.380150,0.932201,70.055916
TsTc,32,35,50.952000,0.931292,70.065216
JcTc,32,36,8.684049,0.699818,23.458580
QcTc,32,40,7.104360,0.713089,24.682068
KcTc,32,44,14.632187,0.723520,26.274609
AcTc,32,48,26.612265,0.746576,29.442451
AdTc,32,49,28.521162,0.782418,32.584953
AhTc,32,50,25.308405,0.751833,29.579151
AsTc,32,51,26.379499,0.747761,29.449564
TsTh,34,35,52.380150,0.932201,70.055916
JhTh,34,38,7.324123,0.716481,25.707552
QhTh,34,42,6.793788,0.729822,27.134790
KhTh,34,46,22.171926,0.740787,29.376724
AcTh,34,48,28.542278,0.750174,29.853264
AdTh,34,49,29.862900,0.784724,32.919388
AhTh,34,50,37.924934,0.765595,32.965179
AsTh,34,51,28.542278,0.750174,29.853264
JsTs,35,39,8.684049,0.699818,23.458580
QsTs,35,43,7.104360,0.713089,24.682068
KsTs,35,47,14.632187,0.723520,26.274609
AcTs,35,48,26.379499,0.747761,29.449564
AdTs,35,49,28.521162,0.782418,32.584953
AhTs,35,50,25.308405,0.751833,29.579151
AsTs,35,51,26.612265,0.746576,29.442451
JdJc,36,37,22.841635,0.734071,28.114727
JhJc,36,38,16.623783,0.713130,25.747690
JsJc,36,39,17.643917,0.711655,25.835737
QcJc,36,40,66.087082,0.262656,15.759779
KcJc,36,44,62.725929,0.266117,15.313356
KdJc,36,45,54.403694,0.302682,16.189249
KhJc,36,46,63.305210,0.265723,15.432747
KsJc,36,47,62.823662,0.265139,15.293602
AcJc,36,48,38.069370,0.357908,15.379073
AdJc,36,49,34.982410,0.398779,16.845736
AhJc,36,50,39.020538,0.361197,15.622984
AsJc,36,51,38.069565,0.357908,15.378592
JhJd,37,38,21.473295,0.735569,27.874531
JsJd,37,39,22.841635,0.734071,28.114727
QdJd,37,41,26.321026,0.538850,29.711071
KcJd,37,44,57.323750,0.298362,15.855463
KdJd,37,45,38.135590,0.546093,30.015247
KhJd,37,46,57.365192,0.298989,15.968977
KsJd,37,47,57.323750,0.298362,15.855463
AcJd,37,48,35.072552,0.389320,15.765815
AdJd,37,49,75.925087,0.612331,32.904728
AhJd,37,50,36.774830,0.392490,16.015993
AsJd,37,51,35.072552,0.389320,15.765815
JsJh,38,39,16.623783,0.713130,25.747690
QhJh,38,42,56.348297,0.299689,16.516388
KcJh,38,44,64.094604,0.266173,15.414349
KdJh,38,45,55.291004,0.303734,16.302383
KhJh,38,46,54.811359,0.302413,16.119267
KsJh,38,47,64.094604,0.266173,15.414349
AcJh,38,48,38.567509,0.358609,15.457296
AdJh,38,49,35.473896,0.399481,16.906628
AhJh,38,50,32.048168,0.392622,16.283695
AsJh,38,51,38.567509,0.358609,15.457296
QsJs,39,43,66.087082,0.262656,15.759779
KcJs,39,44,62.823662,0.265139,15.293602
KdJs,39,45,54.403694,0.302682,16.189249
KhJs,39,46,63.305210,0.265723,15.432747
KsJs,39,47,62.725929,0.266117,15.313356
AcJs,39,48,38.069565,0.357908,15.378592
AdJs,39,49,34.982410,0.398779,16.845736
AhJs,39,50,39.020538,0.361197,15.622984
AsJs,39,51,38.069370,0.357908,15.379073
QdQc,40,41,76.042961,0.771855,37.831131
QhQc,40,42,67.738350,0.750230,34.798706
QsQc,40,43,68.234016,0.748392,34.682629
KcQc,40,44,58.084530,0.291243,15.795517
KdQc,40,45,52.621468,0.329326,16.703543
KhQc,40,46,58.146130,0.291596,15.887478
KsQc,40,47,58.095428,0.291241,15.796913
AcQc,40,48,28.180134,0.409586,15.641153
AdQc,40,49,30.619745,0.450196,17.644106
AhQc,40,50,30.704594,0.412888,15.924788
AsQc,40,51,28.156967,0.409586,15.642256
QhQd,41,42,75.460129,0.773677,37.915977
QsQd,41,43,76.042961,0.771855,37.831131
KcQd,41,44,52.232723,0.325511,16.411236
KdQd,41,45,49.375889,0.563324,31.111248
KhQd,41,46,51.416481,0.325943,16.496042
KsQd,41,47,52.232723,0.325511,16.411236
AcQd,41,48,27.236504,0.441416,16.526550
AdQd,41,49,79.034164,0.646293,34.190666
AhQd,41,50,27.954397,0.444675,16.748453
AsQd,41,51,27.236504,0.441416,16.526550
QsQh,42,43,67.738350,0.750230,34.798706
KcQh,42,44,58.736187,0.292501,15.905479
KdQh,42,45,52.781757,0.330602,16.804016
KhQh,42,46,48.878456,0.326267,16.512663
KsQh,42,47,58.736187,0.292501,15.905479
AcQh,42,48,28.065796,0.410881,15.751685
AdQh,42,49,31.603340,0.451504,17.765226
AhQh,42,50,22.050516,0.442488,16.992804
AsQh,42,51,28.065796,0.410881,15.751685
KcQs,43,44,58.095428,0.291241,15.796913
KdQs,43,45,52.621468,0.329326,16.703543
KhQs,43,46,58.146130,0.291596,15.887478
KsQs,43,47,58.084530,0.291243,15.795517
AcQs,43,48,28.156967,0.409586,15.642256
AdQs,43,49,30.619745,0.450196,17.644106
AhQs,43,50,30.704594,0.412888,15.924788
AsQs,43,51,28.180134,0.409586,15.641153
AdKc,44,49,19.615881,0.511351,18.128082
AhKc,44,50,17.996782,0.474309,16.616720
AsKc,44,51,18.356363,0.470825,16.399363
AcKd,45,48,12.454934,0.504427,17.181490
AhKd,45,50,12.731441,0.507905,17.411781
AsKd,45,51,12.454934,0.504427,17.181490
AcKh,46,48,17.331478,0.471587,16.458731
AdKh,46,49,18.032112,0.512208,18.170225
AsKh,46,51,17.331478,0.471587,16.458731
AcKs,47,48,18.356363,0.470825,16.399363
AdKs,47,49,19.615881,0.511351,18.128082
AhKs,47,50,17.996782,0.474309,16.616720

# STRATEGY
num_actions: 3
actions: Fold,Call,Raise(34)
strategy_data:
0.471586,0.403293,0.125121
0.488164,0.342666,0.169170
0.000000,0.420523,0.579478
0.327098,0.595391,0.077511
0.326960,0.518929,0.154112
0.471586,0.403293,0.125121
0.488164,0.342666,0.169170
0.486847,0.391759,0.121394
0.532848,0.312904,0.154248
0.581473,0.251524,0.167004
0.584730,0.304258,0.111012
0.340285,0.590351,0.069364
0.401749,0.519267,0.078983
0.443664,0.465888,0.090448
0.382627,0.533692,0.083681
0.486847,0.391759,0.121394
0.532848,0.312904,0.154248
0.581473,0.251524,0.167004
0.584730,0.304258,0.111012
0.616638,0.273066,0.110296
0.714819,0.113474,0.171707
0.802531,0.018252,0.179217
0.567459,0.274248,0.158293
0.861669,0.000073,0.138258
0.859891,0.000047,0.140063
0.612106,0.275125,0.112769
0.616638,0.273066,0.110296
0.000000,0.155685,0.844315
0.042703,0.861105,0.096191
0.012929,0.905259,0.081812
0.714819,0.113474,0.171707
0.432249,0.386885,0.180866
0.842967,0.000098,0.156934
0.841826,0.000052,0.158122
0.567459,0.274248,0.158293
0.861669,0.000073,0.138258
0.859891,0.000047,0.140063
0.611535,0.311439,0.077026
0.743477,0.114108,0.142415
0.755525,0.103689,0.140786
0.859845,0.000130,0.140025
0.857096,0.000064,0.142840
0.603354,0.313291,0.083356
0.611535,0.311439,0.077026
0.022311,0.906241,0.071448
0.012300,0.911802,0.075898
0.743477,0.114108,0.142415
0.841867,0.000159,0.157974
0.838058,0.000075,0.161867
0.859845,0.000130,0.140025
0.857096,0.000064,0.142840
0.626469,0.337615,0.035917
0.857645,0.118437,0.023919
0.891984,0.082535,0.025480
0.861019,0.000017,0.138963
0.784295,0.000000,0.215705
0.600137,0.362952,0.036911
0.626469,0.337615,0.035917
0.011004,0.920398,0.068598
0.001091,0.277729,0.721180
0.857645,0.118437,0.023919
0.834469,0.006086,0.159444
0.813051,0.012170,0.174779
0.861019,0.000017,0.138963
0.784295,0.000000,0.215705
0.536691,0.445176,0.018133
0.686952,0.298825,0.014223
0.684334,0.300522,0.015144
0.842264,0.011658,0.146078
0.777747,0.000000,0.222253
0.545229,0.435573,0.019198
0.536691,0.445176,0.018133
0.005396,0.699373,0.295231
0.000000,0.453451,0.546549
0.686952,0.298825,0.014223
0.754682,0.034040,0.211278
0.790857,0.011175,0.197968
0.842264,0.011658,0.146078
0.777747,0.000000,0.222253
0.000000,0.121739,0.878261
0.000000,0.123159,0.876841
0.078684,0.741476,0.179840
0.019726,0.286856,0.693418
0.019468,0.276669,0.703863
0.001120,0.149059,0.849820
0.000000,0.121739,0.878261
0.010979,0.382819,0.606202
0.009175,0.250680,0.740145
0.010356,0.316406,0.673238
0.000000,0.184094,0.815906
0.078684,0.741476,0.179840
0.019726,0.286856,0.693418
0.019468,0.276669,0.703863
0.001120,0.149059,0.849820
0.000000,0.112589,0.887411
0.000000,0.124560,0.875440
0.000161,0.119673,0.880166
0.718977,0.089797,0.191226
0.687644,0.104247,0.208108
0.778585,0.038565,0.182850
0.488770,0.279110,0.232120
0.770005,0.031206,0.198789
0.778534,0.038582,0.182883
0.000000,0.112660,0.887340
0.000000,0.112589,0.887411
0.000000,0.034467,0.965533
0.000000,0.393863,0.606137
0.601790,0.166317,0.231892
0.000000,0.458084,0.541916
0.585223,0.187467,0.227310
0.601790,0.166317,0.231892
0.000000,0.124560,0.875440
0.511509,0.284930,0.203561
0.528650,0.288120,0.183231
0.768707,0.031160,0.200134
0.477175,0.275605,0.247220
0.594273,0.221528,0.184199
0.768707,0.031160,0.200134
0.718977,0.089797,0.191226
0.687644,0.104247,0.208108
0.778534,0.038582,0.182883
0.488770,0.279110,0.232120
0.770005,0.031206,0.198789
0.778585,0.038565,0.182850
0.000000,0.087448,0.912552
0.000000,0.096312,0.903688
0.000000,0.093203,0.906797
0.601625,0.193260,0.205115
0.423514,0.348668,0.227818
0.577244,0.219632,0.203124
0.601053,0.193853,0.205094
0.679288,0.112574,0.208137
0.406727,0.351102,0.242171
0.701030,0.103074,0.195896
0.689708,0.099802,0.210490
0.000000,0.090139,0.909861
0.000000,0.087448,0.912552
0.442837,0.326519,0.230644
0.000000,0.466865,0.533135
0.433668,0.329926,0.236406
0.442837,0.326519,0.230644
0.552781,0.246957,0.200262
0.000000,0.276959,0.723041
0.519961,0.275757,0.204281
0.552781,0.246957,0.200262
0.000000,0.096312,0.903688
0.584691,0.212260,0.203048
0.415388,0.355777,0.228835
0.457906,0.346565,0.195529
0.584691,0.212260,0.203048
0.670408,0.122509,0.207083
0.396267,0.360820,0.242913
0.510469,0.323901,0.165630
0.670408,0.122509,0.207083
0.601053,0.193853,0.205094
0.423514,0.348668,0.227818
0.577244,0.219632,0.203124
0.601625,0.193260,0.205115
0.689708,0.099802,0.210490
0.406727,0.351102,0.242171
0.701030,0.103074,0.195896
0.679288,0.112574,0.208137
0.000000,0.095357,0.904643
0.000000,0.098014,0.901986
0.000000,0.101671,0.898329
0.785829,0.031192,0.182979
0.386460,0.388571,0.224968
0.772118,0.034676,0.193206
0.793055,0.014758,0.192187
0.000000,0.086693,0.913307
0.000000,0.095357,0.904643
0.504730,0.326416,0.168854
0.000000,0.228250,0.771749
0.511553,0.324321,0.164127
0.504730,0.326416,0.168854
0.000000,0.098014,0.901986
0.776962,0.025091,0.197947
0.392533,0.395037,0.212431
0.532886,0.312014,0.155100
0.776962,0.025091,0.197947
0.793055,0.014758,0.192187
0.386460,0.388571,0.224968
0.772118,0.034676,0.193206
0.785829,0.031192,0.182979
0.000000,0.147648,0.852352
0.000000,0.116858,0.883142
0.000000,0.114994,0.885006
0.000000,0.143054,0.856946
0.000000,0.147648,0.852352
0.000000,0.116858,0.883142
action_ev_data:
0.000000,8.123107,9.832684
0.000000,4.730856,9.387208
0.000000,30.163313,25.918205
0.000000,10.980197,9.625209
0.000000,8.454811,10.029997
0.000000,8.123107,9.832684
0.000000,4.730856,9.387208
0.000000,7.268815,9.613717
0.000000,6.358243,9.845439
0.000000,5.127872,9.505368
0.000000,6.171855,8.045903
0.000000,10.509002,9.145555
0.000000,9.522923,8.611144
0.000000,8.060345,8.314064
0.000000,10.225296,8.908909
0.000000,7.268815,9.613717
0.000000,6.358243,9.845439
0.000000,5.127872,9.505368
0.000000,6.171855,8.045903
0.000000,5.943254,8.685340
0.000000,3.577193,8.475041
0.000000,3.359116,8.191291
0.000000,3.260327,9.828969
0.000000,-5.551052,7.825303
0.000000,-5.056366,7.856061
0.000000,6.169838,8.869318
0.000000,5.943254,8.685340
0.000000,19.889324,16.768822
0.000000,10.765752,10.347451
0.000000,11.162723,10.305672
0.000000,3.577193,8.475041
0.000000,5.534248,10.162540
0.000000,-3.170354,8.255709
0.000000,-2.611233,8.266075
0.000000,3.260327,9.828969
0.000000,-5.551052,7.825303
0.000000,-5.056366,7.856061
0.000000,6.071101,6.676111
0.000000,3.856517,7.571552
0.000000,3.619410,7.435266
0.000000,-5.405801,7.742129
0.000000,-4.867869,7.790615
0.000000,6.344028,6.865533
0.000000,6.071101,6.676111
0.000000,10.707824,10.412638
0.000000,11.302255,10.349985
0.000000,3.856517,7.571552
0.000000,-3.098302,8.188319
0.000000,-2.502902,8.218766
0.000000,-5.405801,7.742129
0.000000,-4.867869,7.790615
0.000000,5.942124,5.154613
0.000000,3.591207,5.387834
0.000000,3.481819,5.292040
0.000000,-4.750054,7.338438
0.000000,-3.457225,6.991852
0.000000,6.128201,5.253070
0.000000,5.942124,5.154613
0.000000,11.487723,10.356370
0.000000,21.546730,19.160664
0.000000,3.591207,5.387834
0.000000,-2.402176,7.782192
0.000000,-0.315213,7.611582
0.000000,-4.750054,7.338438
0.000000,-3.457225,6.991852
0.000000,7.350194,4.063261
0.000000,4.867546,2.487529
0.000000,4.525094,2.338990
0.000000,-4.146683,6.805054
0.000000,-2.868494,7.086848
0.000000,7.740972,4.250054
0.000000,7.350194,4.063261
0.000000,13.422155,10.920015
0.000000,22.283331,19.130009
0.000000,4.867546,2.487529
0.000000,-1.740237,7.191514
0.000000,0.529005,7.672308
0.000000,-4.146683,6.805054
0.000000,-2.868494,7.086848
0.000000,71.186340,61.276924
0.000000,71.338371,61.627304
0.000000,13.498737,3.759590
0.000000,14.359543,5.019085
0.000000,13.911133,2.796114
0.000000,18.153549,9.895224
0.000000,71.186340,61.276924
0.000000,17.062716,6.613763
0.000000,18.567726,8.310617
0.000000,17.850298,6.456063
0.000000,22.513229,12.752127
0.000000,13.498737,3.759590
0.000000,14.359543,5.019085
0.000000,13.911133,2.796114
0.000000,18.153549,9.895224
0.000000,20.174458,11.331200
0.000000,17.114277,7.756141
0.000000,16.693241,7.637229
0.000000,-2.085583,8.589009
0.000000,-2.562925,6.638837
0.000000,-0.745524,6.943996
0.000000,2.896366,11.245525
0.000000,-0.464408,7.321145
0.000000,-0.745276,6.944215
0.000000,20.492996,11.438586
0.000000,20.174458,11.331200
0.000000,18.203793,14.258136
0.000000,17.905733,12.277874
0.000000,1.530347,8.648241
0.000000,26.516476,20.221273
0.000000,1.849466,8.962801
0.000000,1.530347,8.648241
0.000000,17.114277,7.756141
0.000000,0.970789,8.934355
0.000000,0.336390,7.129828
0.000000,-0.534887,7.056166
0.000000,3.113404,11.332173
0.000000,3.480850,7.688420
0.000000,-0.534887,7.056166
0.000000,-2.085583,8.589009
0.000000,-2.562925,6.638837
0.000000,-0.745276,6.944215
0.000000,2.896366,11.245525
0.000000,-0.464408,7.321145
0.000000,-0.745524,6.943996
0.000000,30.851217,21.873980
0.000000,27.933884,18.617609
0.000000,27.685387,18.517517
0.000000,-1.264828,7.787371
0.000000,0.850404,9.860537
0.000000,-1.315443,7.994048
0.000000,-1.265293,7.790239
0.000000,1.651788,8.228846
0.000000,5.353038,12.599431
0.000000,1.992265,8.504140
0.000000,1.654353,8.192727
0.000000,31.134750,21.950974
0.000000,30.851217,21.873980
0.000000,0.952070,9.708993
0.000000,20.281754,13.540583
0.000000,0.912006,9.899846
0.000000,0.952070,9.708993
0.000000,4.365663,10.054449
0.000000,28.745575,21.603308
0.000000,4.751578,10.332096
0.000000,4.365663,10.054449
0.000000,27.933884,18.617609
0.000000,-1.041504,7.930267
0.000000,1.084875,9.980050
0.000000,2.099853,8.349274
0.000000,-1.041504,7.930267
0.000000,1.877162,8.331704
0.000000,5.576595,12.691687
0.000000,6.000524,8.951981
0.000000,1.877162,8.331704
0.000000,-1.265293,7.790239
0.000000,0.850404,9.860537
0.000000,-1.315443,7.994048
0.000000,-1.264828,7.787371
0.000000,1.654353,8.192727
0.000000,5.353038,12.599431
0.000000,1.992265,8.504140
0.000000,1.651788,8.228846
0.000000,38.838120,30.068462
0.000000,34.887241,26.402008
0.000000,35.185139,26.419546
0.000000,2.580729,6.370174
0.000000,6.293450,11.038365
0.000000,2.867884,6.833732
0.000000,2.594801,6.526750
0.000000,38.462669,30.031847
0.000000,38.838120,30.068462
0.000000,5.404877,8.589483
0.000000,29.503075,21.795147
0.000000,5.792040,8.853298
0.000000,5.404877,8.589483
0.000000,34.887241,26.402008
0.000000,2.566533,6.661615
0.000000,6.268857,11.196469
0.000000,6.507921,7.468956
0.000000,2.566533,6.661615
0.000000,2.594801,6.526750
0.000000,6.293450,11.038365
0.000000,2.867884,6.833732
0.000000,2.580729,6.370174
0.000000,44.308659,31.239521
0.000000,39.488468,29.521217
0.000000,39.265926,29.627886
0.000000,44.424709,31.102518
0.000000,44.308659,31.239521
0.000000,39.488468,29.521217
