# HAND DATA FORMAT 1.0
board_size: 3
board: 3d 5s 9d
pot_oop: 20
pot_ip: 20
current_player: 0

# PLAYER: OOP
hands_count: 189
hand,card1,card2,weight,equity,ev
5c4c,8,12,260.000000,0.555738,6.488202
Ac4c,8,48,245.000000,0.424912,5.647718
5d4d,9,13,261.000000,0.712655,19.750183
Ad4d,9,49,247.000000,0.648315,25.580299
5h4h,10,14,260.000000,0.555738,6.488202
Ah4h,10,50,245.000000,0.424912,5.647718
As4s,11,51,247.000000,0.452030,7.983263
6c5c,12,16,256.000000,0.568273,6.294536
7c5c,12,20,256.000000,0.561103,5.812925
8c5c,12,24,254.000000,0.557572,5.693309
Ac5c,12,48,243.000000,0.572206,6.637119
6d5d,13,17,258.000000,0.724227,20.248280
7d5d,13,21,258.000000,0.721531,20.023802
8d5d,13,25,256.000000,0.724144,20.323608
Ad5d,13,49,246.000000,0.758826,27.532618
6h5h,14,18,256.000000,0.568273,6.294536
7h5h,14,22,256.000000,0.561103,5.812925
8h5h,14,26,254.000000,0.557572,5.693309
Ah5h,14,50,243.000000,0.572206,6.637119
6d6c,16,17,255.000000,0.584423,7.049041
6h6c,16,18,254.000000,0.558832,5.518091
6s6c,16,19,255.000000,0.561563,5.745537
7c6c,16,20,254.000000,0.407466,10.935992
8c6c,16,24,253.000000,0.304649,5.116223
9c6c,16,28,254.000000,0.655178,10.758481
6h6d,17,18,255.000000,0.584423,7.049041
6s6d,17,19,256.000000,0.587084,7.337131
7d6d,17,21,256.000000,0.605913,22.500978
8d6d,17,25,255.000000,0.544619,17.457666
6s6h,18,19,255.000000,0.561563,5.745537
7h6h,18,22,254.000000,0.407466,10.935992
8h6h,18,26,253.000000,0.304649,5.116223
9h6h,18,30,254.000000,0.655178,10.758481
7s6s,19,23,256.000000,0.433304,12.585559
8s6s,19,27,254.000000,0.335950,6.598701
9s6s,19,31,255.000000,0.673316,13.119913
7d7c,20,21,255.000000,0.600570,7.464852
7h7c,20,22,254.000000,0.574517,5.917777
7s7c,20,23,255.000000,0.577241,6.124889
8c7c,20,24,253.000000,0.311243,5.133934
9c7c,20,28,254.000000,0.651131,10.405962
7h7d,21,22,255.000000,0.600570,7.464852
7s7d,21,23,256.000000,0.603222,7.695599
8d7d,21,25,255.000000,0.550400,17.836960
7s7h,22,23,255.000000,0.577241,6.124889
8h7h,22,26,253.000000,0.311243,5.133934
9h7h,22,30,254.000000,0.651131,10.405962
8s7s,23,27,254.000000,0.342377,6.626869
9s7s,23,31,255.000000,0.669768,12.778577
8d8c,24,25,253.000000,0.620969,8.384621
8h8c,24,26,252.000000,0.593202,6.609667
8s8c,24,27,252.000000,0.595024,6.748466
9c8c,24,28,253.000000,0.648862,10.224512
Ac8c,24,48,240.000000,0.367262,1.889692
8h8d,25,26,253.000000,0.620969,8.384621
8s8d,25,27,253.000000,0.622783,8.533270
Ad8d,25,49,243.000000,0.617554,19.752869
8s8h,26,27,252.000000,0.595024,6.748466
9h8h,26,30,253.000000,0.648862,10.224512
Ah8h,26,50,240.000000,0.367262,1.889692
9s8s,27,31,253.000000,0.667319,12.572193
As8s,27,51,241.000000,0.399300,3.068807
9h9c,28,30,254.000000,0.915028,49.535686
9s9c,28,31,254.000000,0.916158,49.343765
Kc9c,28,44,247.000000,0.684474,12.956722
Ac9c,28,48,241.000000,0.701025,14.089995
9s9h,30,31,254.000000,0.916158,49.343765
Kh9h,30,46,247.000000,0.684474,12.956722
Ah9h,30,50,241.000000,0.701025,14.089995
Ks9s,31,47,248.000000,0.703397,15.459953
As9s,31,51,242.000000,0.720189,16.810909
TdTc,32,33,249.000000,0.705243,14.152143
ThTc,32,34,248.000000,0.677963,11.947198
TsTc,32,35,248.000000,0.679930,12.053075
JcTc,32,36,246.000000,0.248799,2.785918
QcTc,32,40,246.000000,0.254326,2.495972
KcTc,32,44,244.000000,0.275499,2.156199
AcTc,32,48,238.000000,0.391546,2.023598
ThTd,33,34,249.000000,0.705243,14.152143
TsTd,33,35,249.000000,0.707203,14.307524
JdTd,33,37,248.000000,0.520713,15.812820
QdTd,33,41,248.000000,0.528448,16.062895
KdTd,33,45,246.000000,0.549772,16.720726
AdTd,33,49,241.000000,0.636236,20.522280
TsTh,34,35,248.000000,0.679930,12.053075
JhTh,34,38,246.000000,0.248799,2.785918
QhTh,34,42,246.000000,0.254326,2.495972
KhTh,34,46,244.000000,0.275499,2.156199
AhTh,34,50,238.000000,0.391546,2.023598
JsTs,35,39,246.000000,0.285791,3.980477
QsTs,35,43,246.000000,0.291790,3.808344
KsTs,35,47,245.000000,0.312181,3.351192
AsTs,35,51,239.000000,0.423332,3.390066
JdJc,36,37,245.000000,0.740938,16.913038
JhJc,36,38,244.000000,0.714657,14.740606
JsJc,36,39,244.000000,0.716507,14.802626
QcJc,36,40,244.000000,0.263452,2.510177
KcJc,36,44,242.000000,0.298451,2.119752
AcJc,36,48,236.000000,0.429087,2.139558
AdJc,36,49,238.000000,0.469056,4.612151
AhJc,36,50,236.000000,0.429087,2.139092
AsJc,36,51,237.000000,0.430000,2.317883
JhJd,37,38,245.000000,0.740938,16.913038
JsJd,37,39,245.000000,0.742781,17.021633
QdJd,37,41,246.000000,0.534645,16.512436
KdJd,37,45,244.000000,0.565247,17.211670
AcJd,37,48,237.000000,0.461874,3.138379
AdJd,37,49,239.000000,0.660870,21.168976
AhJd,37,50,237.000000,0.461874,3.138379
AsJd,37,51,238.000000,0.462830,3.283235
JsJh,38,39,244.000000,0.716507,14.802626
QhJh,38,42,244.000000,0.263452,2.510177
KhJh,38,46,242.000000,0.298451,2.119752
AcJh,38,48,236.000000,0.429087,2.139092
AdJh,38,49,238.000000,0.469056,4.612151
AhJh,38,50,236.000000,0.429087,2.139558
AsJh,38,51,237.000000,0.430000,2.317883
QsJs,39,43,244.000000,0.300565,4.001156
KsJs,39,47,243.000000,0.334167,3.427219
AcJs,39,48,236.000000,0.430964,2.320175
AdJs,39,49,238.000000,0.470917,4.758077
AhJs,39,50,236.000000,0.430964,2.320175
AsJs,39,51,237.000000,0.459116,3.757705
QdQc,40,41,245.000000,0.779553,21.303780
QhQc,40,42,244.000000,0.752954,19.056236
QsQc,40,43,244.000000,0.754825,19.053095
KcQc,40,44,242.000000,0.336159,2.113465
KdQc,40,45,243.000000,0.376398,3.951035
KhQc,40,46,242.000000,0.336159,2.114053
KsQc,40,47,243.000000,0.337370,2.314140
AcQc,40,48,236.000000,0.466748,2.611924
AdQc,40,49,238.000000,0.506612,5.377231
AhQc,40,50,236.000000,0.466748,2.611953
AsQc,40,51,237.000000,0.467647,2.802948
QhQd,41,42,245.000000,0.779553,21.303780
QsQd,41,43,245.000000,0.781416,21.346622
KcQd,41,44,243.000000,0.372183,3.572320
KdQd,41,45,244.000000,0.590379,17.670326
KhQd,41,46,243.000000,0.372183,3.572320
KsQd,41,47,244.000000,0.373419,3.747820
AcQd,41,48,237.000000,0.500241,4.038604
AdQd,41,49,239.000000,0.685924,21.955124
AhQd,41,50,237.000000,0.500241,4.038604
AsQd,41,51,238.000000,0.501180,4.147302
QsQh,42,43,244.000000,0.754825,19.053095
KcQh,42,44,242.000000,0.336159,2.114053
KdQh,42,45,243.000000,0.376398,3.951035
KhQh,42,46,242.000000,0.336159,2.113465
KsQh,42,47,243.000000,0.337370,2.314140
AcQh,42,48,236.000000,0.466748,2.611953
AdQh,42,49,238.000000,0.506612,5.377231
AhQh,42,50,236.000000,0.466748,2.611924
AsQh,42,51,237.000000,0.467647,2.802948
KcQs,43,44,242.000000,0.337873,2.377489
KdQs,43,45,243.000000,0.378104,4.203406
KhQs,43,46,242.000000,0.337873,2.377489
KsQs,43,47,243.000000,0.370165,3.658929
AcQs,43,48,236.000000,0.468646,2.830040
AdQs,43,49,238.000000,0.508495,5.480662
AhQs,43,50,236.000000,0.468646,2.830040
AsQs,43,51,237.000000,0.495084,4.656378
KdKc,44,45,240.000000,0.804154,24.524315
KhKc,44,46,239.000000,0.773564,22.131220
KsKc,44,47,240.000000,0.776221,22.184256
AcKc,44,48,233.000000,0.496798,3.149281
AdKc,44,49,236.000000,0.536494,6.147017
AhKc,44,50,234.000000,0.496812,3.177346
AsKc,44,51,235.000000,0.497683,3.359160
KhKd,45,46,240.000000,0.804154,24.524315
KsKd,45,47,241.000000,0.806710,24.636112
AcKd,45,48,235.000000,0.533415,5.395180
AdKd,45,49,236.000000,0.705838,21.924885
AhKd,45,50,235.000000,0.533415,5.395180
AsKd,45,51,236.000000,0.534313,5.518637
KsKh,46,47,240.000000,0.776221,22.184256
AcKh,46,48,234.000000,0.496812,3.177346
AdKh,46,49,236.000000,0.536494,6.147017
AhKh,46,50,233.000000,0.496798,3.149281
AsKh,46,51,235.000000,0.497683,3.359160
AcKs,47,48,235.000000,0.497483,3.334080
AdKs,47,49,237.000000,0.537176,6.247447
AhKs,47,50,235.000000,0.497483,3.334080
AsKs,47,51,235.000000,0.522261,5.400293
AdAc,48,49,229.000000,0.842949,27.631514
AhAc,48,50,227.000000,0.808047,24.705687
AsAc,48,51,228.000000,0.811093,24.788006
AhAd,49,50,229.000000,0.842949,27.631514
AsAd,49,51,230.000000,0.845859,27.808800
AsAh,50,51,228.000000,0.811093,24.788006

# PLAYER: IP
hands_count: 273
hand,card1,card2,weight,equity,ev
2d2c,0,1,189.000000,0.438937,4.566765
2h2c,0,2,189.000000,0.416106,3.864703
2s2c,0,3,189.000000,0.416784,3.918917
Ac2c,0,48,169.000000,0.371678,5.459080
2h2d,1,2,189.000000,0.438937,4.566765
2s2d,1,3,189.000000,0.439616,4.675207
Ad2d,1,49,170.000000,0.613173,27.017342
2s2h,2,3,189.000000,0.416784,3.918917
Ah2h,2,50,169.000000,0.371678,5.459080
As2s,3,51,170.000000,0.401206,7.997176
3h3c,4,6,189.000000,0.889242,53.957207
3s3c,4,7,189.000000,0.889252,54.018806
5c3c,4,12,184.000000,0.788104,35.864929
Ac3c,4,48,169.000000,0.476107,6.642512
3s3h,6,7,189.000000,0.889252,54.018806
5h3h,6,14,184.000000,0.788104,35.864929
Ah3h,6,50,169.000000,0.476107,6.642512
As3s,7,51,170.000000,0.502977,9.742035
4d4c,8,9,185.000000,0.457338,5.049837
4h4c,8,10,185.000000,0.433470,4.119317
4s4c,8,11,186.000000,0.432345,4.142663
5c4c,8,12,183.000000,0.495838,7.319903
6c4c,8,16,180.000000,0.385948,12.797112
Ac4c,8,48,168.000000,0.384785,6.631670
4h4d,9,10,185.000000,0.457338,5.049837
4s4d,9,11,186.000000,0.456321,5.207613
5d4d,9,13,183.000000,0.676431,22.674759
6d4d,9,17,181.000000,0.583523,24.194366
Ad4d,9,49,169.000000,0.621415,28.229588
4s4h,10,11,186.000000,0.432345,4.142663
5h4h,10,14,183.000000,0.495838,7.319903
6h4h,10,18,180.000000,0.385948,12.797112
Ah4h,10,50,168.000000,0.384785,6.631670
6s4s,11,19,182.000000,0.411355,14.606274
As4s,11,51,170.000000,0.412983,9.312053
5d5c,12,13,179.000000,0.898406,53.738415
5h5c,12,14,179.000000,0.887425,53.589958
6c5c,12,16,178.000000,0.505104,7.338397
7c5c,12,20,178.000000,0.497483,6.707249
Kc5c,12,44,170.000000,0.502086,7.041684
Ac5c,12,48,165.000000,0.514708,6.786016
5h5d,13,14,179.000000,0.898406,53.738415
6d5d,13,17,179.000000,0.683931,22.708870
7d5d,13,21,179.000000,0.680244,22.013885
Kd5d,13,45,171.000000,0.704200,26.357180
Ad5d,13,49,166.000000,0.723135,29.345398
6h5h,14,18,178.000000,0.505104,7.338397
7h5h,14,22,178.000000,0.497483,6.707249
Kh5h,14,46,170.000000,0.502086,7.041684
Ah5h,14,50,165.000000,0.514708,6.786016
6d6c,16,17,177.000000,0.522490,7.016368
6h6c,16,18,176.000000,0.499277,5.586648
6s6c,16,19,177.000000,0.502488,5.838457
7c6c,16,20,176.000000,0.396209,13.665702
8c6c,16,24,175.000000,0.294372,5.668772
9c6c,16,28,176.000000,0.617674,13.146328
Kc6c,16,44,168.000000,0.237103,2.112647
Ac6c,16,48,162.000000,0.307576,1.828086
6h6d,17,18,177.000000,0.522490,7.016368
6s6d,17,19,178.000000,0.525613,7.338828
7d6d,17,21,178.000000,0.593948,25.419933
8d6d,17,25,177.000000,0.534109,18.406948
Kd6d,17,45,170.000000,0.516940,16.927299
Ad6d,17,49,164.000000,0.575739,21.179560
6s6h,18,19,177.000000,0.502488,5.838457
7h6h,18,22,176.000000,0.396209,13.665702
8h6h,18,26,175.000000,0.294372,5.668772
9h6h,18,30,176.000000,0.617674,13.146328
Kh6h,18,46,168.000000,0.237103,2.112647
Ah6h,18,50,162.000000,0.307576,1.828086
7s6s,19,23,178.000000,0.422185,15.471288
8s6s,19,27,177.000000,0.325703,7.403450
9s6s,19,31,177.000000,0.638096,15.713719
Ks6s,19,47,169.000000,0.273758,3.023225
As6s,19,51,164.000000,0.340727,2.963773
7d7c,20,21,177.000000,0.542707,7.395137
7h7c,20,22,176.000000,0.519117,6.080296
7s7c,20,23,177.000000,0.522251,6.311842
8c7c,20,24,175.000000,0.303711,6.516081
9c7c,20,28,176.000000,0.614520,12.704569
Tc7c,20,32,175.000000,0.206179,2.377830
Kc7c,20,44,168.000000,0.227597,1.926161
Ac7c,20,48,162.000000,0.307912,1.750470
7h7d,21,22,177.000000,0.542707,7.395137
7s7d,21,23,178.000000,0.545747,7.696284
8d7d,21,25,177.000000,0.541377,19.347109
Td7d,21,33,176.000000,0.488025,15.051654
Kd7d,21,45,170.000000,0.511946,16.418175
Ad7d,21,49,164.000000,0.576648,21.093924
7s7h,22,23,177.000000,0.522251,6.311842
8h7h,22,26,175.000000,0.303711,6.516081
9h7h,22,30,176.000000,0.614520,12.704569
Th7h,22,34,175.000000,0.206179,2.377830
Kh7h,22,46,168.000000,0.227597,1.926161
Ah7h,22,50,162.000000,0.307912,1.750470
8s7s,23,27,177.000000,0.334780,8.266342
9s7s,23,31,177.000000,0.635416,15.322670
Ts7s,23,35,176.000000,0.243518,3.297316
Ks7s,23,47,169.000000,0.265017,2.835993
As7s,23,51,164.000000,0.341226,2.898465
8d8c,24,25,175.000000,0.568156,9.001354
8h8c,24,26,174.000000,0.542090,7.257823
8s8c,24,27,175.000000,0.545423,7.533428
9c8c,24,28,175.000000,0.614768,13.130249
Tc8c,24,32,174.000000,0.206862,2.389928
Jc8c,24,36,171.000000,0.205736,2.204556
Qc8c,24,40,168.000000,0.202694,1.881479
Kc8c,24,44,167.000000,0.217647,1.720033
Ac8c,24,48,162.000000,0.306834,1.641578
8h8d,25,26,175.000000,0.568156,9.001354
8s8d,25,27,176.000000,0.571376,9.327778
Td8d,25,33,175.000000,0.490771,15.472513
Jd8d,25,37,172.000000,0.490542,15.523287
Qd8d,25,41,169.000000,0.492681,15.580175
Kd8d,25,45,169.000000,0.508392,16.189602
Ad8d,25,49,164.000000,0.577085,20.442780
8s8h,26,27,175.000000,0.545423,7.533428
9h8h,26,30,175.000000,0.614768,13.130249
Th8h,26,34,174.000000,0.206862,2.389928
Jh8h,26,38,171.000000,0.205736,2.204556
Qh8h,26,42,168.000000,0.202694,1.881479
Kh8h,26,46,167.000000,0.217647,1.720033
Ah8h,26,50,162.000000,0.306834,1.641578
9s8s,27,31,176.000000,0.636171,15.671715
Ts8s,27,35,175.000000,0.244519,3.355929
Js8s,27,39,172.000000,0.243431,3.186249
Qs8s,27,43,169.000000,0.240975,2.984664
Ks8s,27,47,168.000000,0.256021,2.633505
As8s,27,51,164.000000,0.340352,2.773209
9h9c,28,30,176.000000,0.912081,57.831493
9s9c,28,31,176.000000,0.913091,57.818966
Tc9c,28,32,175.000000,0.627558,14.139454
Jc9c,28,36,172.000000,0.631442,14.360413
Qc9c,28,40,169.000000,0.634992,14.671509
Kc9c,28,44,169.000000,0.639950,14.788725
Ac9c,28,48,163.000000,0.660203,15.910345
9s9h,30,31,176.000000,0.913091,57.818966
Th9h,30,34,175.000000,0.627558,14.139454
Jh9h,30,38,172.000000,0.631442,14.360413
Qh9h,30,42,169.000000,0.634992,14.671509
Kh9h,30,46,169.000000,0.639950,14.788725
Ah9h,30,50,163.000000,0.660203,15.910345
Ts9s,31,35,175.000000,0.647608,16.517338
Js9s,31,39,172.000000,0.651251,16.702515
Qs9s,31,43,169.000000,0.654820,16.975594
Ks9s,31,47,169.000000,0.659955,17.435226
As9s,31,51,164.000000,0.681563,18.985220
TdTc,32,33,176.000000,0.650783,15.058789
ThTc,32,34,176.000000,0.624021,12.715037
TsTc,32,35,176.000000,0.625628,12.815226
JcTc,32,36,173.000000,0.223948,2.633750
QcTc,32,40,170.000000,0.221708,2.327795
KcTc,32,44,169.000000,0.235354,2.016579
AcTc,32,48,163.000000,0.321268,1.773469
AdTc,32,49,163.000000,0.361774,4.764582
AhTc,32,50,162.000000,0.320165,1.749707
AsTc,32,51,163.000000,0.320614,1.958139
ThTd,33,34,176.000000,0.650783,15.058789
TsTd,33,35,176.000000,0.652390,15.233738
JdTd,33,37,173.000000,0.507471,18.464611
QdTd,33,41,170.000000,0.508904,18.133274
KdTd,33,45,170.000000,0.523054,18.163906
AcTd,33,48,162.000000,0.355144,2.579722
AdTd,33,49,164.000000,0.591260,21.508575
AhTd,33,50,162.000000,0.355144,2.579722
AsTd,33,51,163.000000,0.355649,2.923148
TsTh,34,35,176.000000,0.625628,12.815226
JhTh,34,38,173.000000,0.223948,2.633750
QhTh,34,42,170.000000,0.221708,2.327795
KhTh,34,46,169.000000,0.235354,2.016579
AcTh,34,48,162.000000,0.320165,1.749707
AdTh,34,49,163.000000,0.361774,4.764582
AhTh,34,50,163.000000,0.321268,1.773469
AsTh,34,51,163.000000,0.320614,1.958139
JsTs,35,39,173.000000,0.262075,3.964162
QsTs,35,43,170.000000,0.260306,3.616061
KsTs,35,47,169.000000,0.274225,3.190109
AcTs,35,48,162.000000,0.321945,1.879316
AdTs,35,49,163.000000,0.363543,4.833252
AhTs,35,50,162.000000,0.321945,1.879316
AsTs,35,51,164.000000,0.355999,3.093263
JdJc,36,37,170.000000,0.688708,18.109095
JhJc,36,38,170.000000,0.661619,15.894032
JsJc,36,39,170.000000,0.663283,15.928727
QcJc,36,40,167.000000,0.231933,2.242830
KcJc,36,44,166.000000,0.245899,1.835877
KdJc,36,45,166.000000,0.282932,3.357537
KhJc,36,46,165.000000,0.244359,1.817681
KsJc,36,47,165.000000,0.245715,1.969969
AcJc,36,48,160.000000,0.353681,2.034385
AdJc,36,49,161.000000,0.395850,5.004618
AhJc,36,50,160.000000,0.353681,2.034670
AsJc,36,51,161.000000,0.354141,2.200048
JhJd,37,38,170.000000,0.688708,18.109095
JsJd,37,39,170.000000,0.690371,18.210293
QdJd,37,41,167.000000,0.515917,18.515247
KcJd,37,44,165.000000,0.280777,2.915836
KdJd,37,45,167.000000,0.530315,18.458323
KhJd,37,46,165.000000,0.280777,2.915836
KsJd,37,47,165.000000,0.282133,3.159535
AcJd,37,48,160.000000,0.388933,2.973563
AdJd,37,49,161.000000,0.613451,22.286995
AhJd,37,50,160.000000,0.388933,2.973563
AsJd,37,51,161.000000,0.389447,3.222327
JsJh,38,39,170.000000,0.663283,15.928727
QhJh,38,42,167.000000,0.231933,2.242830
KcJh,38,44,165.000000,0.244359,1.817681
KdJh,38,45,166.000000,0.282932,3.357537
KhJh,38,46,166.000000,0.245899,1.835877
KsJh,38,47,165.000000,0.245715,1.969969
AcJh,38,48,160.000000,0.353681,2.034670
AdJh,38,49,161.000000,0.395850,5.004618
AhJh,38,50,160.000000,0.353681,2.034385
AsJh,38,51,161.000000,0.354141,2.200048
QsJs,39,43,167.000000,0.270148,3.683973
KcJs,39,44,165.000000,0.245898,2.027425
KdJs,39,45,166.000000,0.284462,3.554921
KhJs,39,46,165.000000,0.245898,2.027425
KsJs,39,47,166.000000,0.284389,3.087252
AcJs,39,48,160.000000,0.355483,2.170807
AdJs,39,49,161.000000,0.397641,5.183331
AhJs,39,50,160.000000,0.355483,2.170807
AsJs,39,51,161.000000,0.386963,3.624764
QdQc,40,41,164.000000,0.737198,23.450788
QhQc,40,42,164.000000,0.709051,21.128651
QsQc,40,43,164.000000,0.710788,20.968128
KcQc,40,44,163.000000,0.277799,1.985839
KdQc,40,45,164.000000,0.316842,3.796005
KhQc,40,46,163.000000,0.277799,1.986204
KsQc,40,47,163.000000,0.279389,2.145021
AcQc,40,48,157.000000,0.408364,2.759198
AdQc,40,49,158.000000,0.450636,6.035959
AhQc,40,50,157.000000,0.408364,2.759216
AsQc,40,51,158.000000,0.408704,2.949966
QhQd,41,42,164.000000,0.737198,23.450788
QsQd,41,43,164.000000,0.738935,23.330566
KcQd,41,44,163.000000,0.315464,3.658644
KdQd,41,45,164.000000,0.552177,19.042515
KhQd,41,46,163.000000,0.315464,3.658644
KsQd,41,47,163.000000,0.317054,3.831321
AcQd,41,48,157.000000,0.444663,4.571576
AdQd,41,49,158.000000,0.649936,23.502773
AhQd,41,50,157.000000,0.444663,4.571576
AsQd,41,51,158.000000,0.445052,4.691286
QsQh,42,43,164.000000,0.710788,20.968128
KcQh,42,44,163.000000,0.277799,1.986204
KdQh,42,45,164.000000,0.316842,3.796005
KhQh,42,46,163.000000,0.277799,1.985839
KsQh,42,47,163.000000,0.279389,2.145021
AcQh,42,48,157.000000,0.408364,2.759216
AdQh,42,49,158.000000,0.450636,6.035959
AhQh,42,50,157.000000,0.408364,2.759198
AsQh,42,51,158.000000,0.408704,2.949966
KcQs,43,44,163.000000,0.279370,2.265020
KdQs,43,45,164.000000,0.318404,4.033651
KhQs,43,46,163.000000,0.279370,2.265020
KsQs,43,47,163.000000,0.315136,3.582155
AcQs,43,48,157.000000,0.410214,2.944183
AdQs,43,49,158.000000,0.452474,6.232580
AhQs,43,50,157.000000,0.410214,2.944183
AsQs,43,51,158.000000,0.439017,5.052854
AdKc,44,49,157.000000,0.506977,7.383886
AhKc,44,50,156.000000,0.464543,3.941063
AsKc,44,51,157.000000,0.464746,4.011837
AcKd,45,48,157.000000,0.499961,6.397846
AhKd,45,50,157.000000,0.499961,6.397846
AsKd,45,51,158.000000,0.500217,6.512316
AcKh,46,48,156.000000,0.464543,3.941063
AdKh,46,49,157.000000,0.506977,7.383886
AsKh,46,51,157.000000,0.464746,4.011837
AcKs,47,48,156.000000,0.466430,4.080613
AdKs,47,49,157.000000,0.508853,7.572415
AhKs,47,50,156.000000,0.466430,4.080613

# STRATEGY
num_actions: 4
actions: Check,Bet(10),Bet(20),AllIn(200)
strategy_data:
0.764699,0.235301,0.000000,0.000000
0.442384,0.557616,0.000000,0.000000
0.736083,0.263917,0.000000,0.000000
0.404693,0.594822,0.000485,0.000000
0.764699,0.235301,0.000000,0.000000
0.442384,0.557616,0.000000,0.000000
0.528814,0.471186,0.000000,0.000000
0.574359,0.425566,0.000075,0.000000
0.716604,0.283396,0.000000,0.000000
0.722539,0.277461,0.000000,0.000000
0.516776,0.483142,0.000082,0.000000
0.685924,0.314076,0.000000,0.000000
0.629602,0.370351,0.000046,0.000000
0.641379,0.358546,0.000074,0.000000
0.307512,0.692488,0.000000,0.000000
0.574359,0.425566,0.000075,0.000000
0.716604,0.283396,0.000000,0.000000
0.722539,0.277461,0.000000,0.000000
0.516776,0.483142,0.000082,0.000000
0.678693,0.321307,0.000000,0.000000
0.645922,0.354078,0.000000,0.000000
0.624636,0.375364,0.000000,0.000000
0.401230,0.598737,0.000033,0.000000
0.330559,0.669440,0.000000,0.000000
0.574911,0.425089,0.000000,0.000000
0.678693,0.321307,0.000000,0.000000
0.668895,0.331105,0.000000,0.000000
0.591214,0.408786,0.000000,0.000000
0.568106,0.431894,0.000000,0.000000
0.624636,0.375364,0.000000,0.000000
0.401230,0.598737,0.000033,0.000000
0.330559,0.669440,0.000000,0.000000
0.574911,0.425089,0.000000,0.000000
0.406844,0.593116,0.000041,0.000000
0.421676,0.578220,0.000104,0.000000
0.600414,0.399586,0.000000,0.000000
0.674019,0.325981,0.000000,0.000000
0.690996,0.309004,0.000000,0.000000
0.683442,0.316558,0.000000,0.000000
0.346831,0.653169,0.000000,0.000000
0.504615,0.495385,0.000000,0.000000
0.674019,0.325981,0.000000,0.000000
0.721242,0.278758,0.000000,0.000000
0.521248,0.478752,0.000000,0.000000
0.683442,0.316558,0.000000,0.000000
0.346831,0.653169,0.000000,0.000000
0.504615,0.495385,0.000000,0.000000
0.439630,0.560370,0.000000,0.000000
0.528963,0.471037,0.000000,0.000000
0.637141,0.362859,0.000000,0.000000
0.747653,0.252347,0.000000,0.000000
0.799816,0.200184,0.000000,0.000000
0.483871,0.516129,0.000000,0.000000
1.000000,0.000000,0.000000,0.000000
0.637141,0.362859,0.000000,0.000000
0.687125,0.312875,0.000000,0.000000
0.473091,0.526762,0.000147,0.000000
0.799816,0.200184,0.000000,0.000000
0.483871,0.516129,0.000000,0.000000
1.000000,0.000000,0.000000,0.000000
0.501502,0.498498,0.000000,0.000000
0.684371,0.315629,0.000000,0.000000
0.506525,0.493475,0.000000,0.000000
0.417796,0.582166,0.000038,0.000000
0.582783,0.417217,0.000000,0.000000
0.413100,0.586771,0.000129,0.000000
0.417796,0.582166,0.000038,0.000000
0.582783,0.417217,0.000000,0.000000
0.413100,0.586771,0.000129,0.000000
0.552428,0.447572,0.000000,0.000000
0.387137,0.612863,0.000000,0.000000
0.416851,0.583142,0.000006,0.000000
0.511682,0.488318,0.000000,0.000000
0.464112,0.535873,0.000016,0.000000
0.651081,0.348871,0.000048,0.000000
0.709641,0.290359,0.000000,0.000000
0.998286,0.001714,0.000000,0.000000
1.000000,0.000000,0.000000,0.000000
0.416851,0.583142,0.000006,0.000000
0.431619,0.568332,0.000049,0.000000
0.443710,0.556107,0.000183,0.000000
0.430763,0.569033,0.000204,0.000000
0.376612,0.623308,0.000080,0.000000
0.399836,0.600073,0.000091,0.000000
0.464112,0.535873,0.000016,0.000000
0.651081,0.348871,0.000048,0.000000
0.709641,0.290359,0.000000,0.000000
0.998286,0.001714,0.000000,0.000000
1.000000,0.000000,0.000000,0.000000
0.341834,0.658069,0.000096,0.000000
0.196096,0.803668,0.000236,0.000000
0.603585,0.396415,0.000000,0.000000
0.404640,0.595304,0.000057,0.000000
0.417500,0.582500,0.000000,0.000000
0.547019,0.452981,0.000000,0.000000
0.516694,0.483306,0.000000,0.000000
0.430769,0.569139,0.000092,0.000000
0.941192,0.058808,0.000000,0.000000
1.000000,0.000000,0.000000,0.000000
0.501804,0.498131,0.000065,0.000000
1.000000,0.000000,0.000000,0.000000
1.000000,0.000000,0.000000,0.000000
0.417500,0.582500,0.000000,0.000000
0.495839,0.504135,0.000026,0.000000
0.322931,0.676825,0.000244,0.000000
0.369123,0.630771,0.000106,0.000000
0.393557,0.606443,0.000000,0.000000
0.607381,0.392619,0.000000,0.000000
0.393557,0.606443,0.000000,0.000000
0.239588,0.760258,0.000154,0.000000
0.516694,0.483306,0.000000,0.000000
0.430769,0.569139,0.000092,0.000000
0.941192,0.058808,0.000000,0.000000
1.000000,0.000000,0.000000,0.000000
0.501804,0.498131,0.000065,0.000000
1.000000,0.000000,0.000000,0.000000
1.000000,0.000000,0.000000,0.000000
0.202190,0.797720,0.000090,0.000000
0.400120,0.599752,0.000129,0.000000
1.000000,0.000000,0.000000,0.000000
0.329842,0.670075,0.000083,0.000000
1.000000,0.000000,0.000000,0.000000
0.707747,0.292253,0.000000,0.000000
0.413297,0.586703,0.000000,0.000000
0.501890,0.498110,0.000000,0.000000
0.392052,0.607792,0.000156,0.000000
0.836616,0.163384,0.000000,0.000000
0.304849,0.694827,0.000325,0.000000
0.838880,0.161120,0.000000,0.000000
0.912078,0.087922,0.000000,0.000000
0.937161,0.062839,0.000000,0.000000
0.671751,0.328249,0.000000,0.000000
0.938593,0.061408,0.000000,0.000000
0.900173,0.099827,0.000000,0.000000
0.413297,0.586703,0.000000,0.000000
0.407753,0.592247,0.000000,0.000000
0.274087,0.725729,0.000184,0.000000
0.448845,0.551025,0.000130,0.000000
0.274087,0.725729,0.000184,0.000000
0.192863,0.807137,0.000000,0.000000
0.684749,0.315251,0.000000,0.000000
0.750492,0.249508,0.000000,0.000000
0.684749,0.315251,0.000000,0.000000
0.594139,0.405826,0.000035,0.000000
0.392052,0.607792,0.000156,0.000000
0.838880,0.161120,0.000000,0.000000
0.304849,0.694827,0.000325,0.000000
0.836616,0.163384,0.000000,0.000000
0.912078,0.087922,0.000000,0.000000
0.938593,0.061408,0.000000,0.000000
0.671751,0.328249,0.000000,0.000000
0.937161,0.062839,0.000000,0.000000
0.900173,0.099827,0.000000,0.000000
0.705094,0.294906,0.000000,0.000000
0.143302,0.856698,0.000000,0.000000
0.705094,0.294906,0.000000,0.000000
0.360922,0.638968,0.000109,0.000000
0.729982,0.270018,0.000000,0.000000
0.560756,0.439244,0.000000,0.000000
0.729982,0.270018,0.000000,0.000000
0.850316,0.149684,0.000000,0.000000
0.440735,0.559265,0.000000,0.000000
0.440415,0.559382,0.000202,0.000000
0.375672,0.624054,0.000274,0.000000
0.809446,0.190554,0.000000,0.000000
0.703865,0.296135,0.000000,0.000000
0.898699,0.101301,0.000000,0.000000
0.973577,0.026423,0.000000,0.000000
0.440735,0.559265,0.000000,0.000000
0.388454,0.611035,0.000511,0.000000
0.636404,0.363596,0.000000,0.000000
0.702987,0.297013,0.000000,0.000000
0.636404,0.363596,0.000000,0.000000
0.679640,0.320360,0.000000,0.000000
0.375672,0.624054,0.000274,0.000000
0.898699,0.101301,0.000000,0.000000
0.703865,0.296135,0.000000,0.000000
0.809446,0.190554,0.000000,0.000000
0.973577,0.026423,0.000000,0.000000
0.938251,0.061749,0.000000,0.000000
0.676296,0.323704,0.000000,0.000000
0.938251,0.061749,0.000000,0.000000
0.774823,0.225177,0.000000,0.000000
0.526786,0.473128,0.000086,0.000000
0.614396,0.385385,0.000218,0.000000
0.520696,0.478978,0.000326,0.000000
0.526786,0.473128,0.000086,0.000000
0.558275,0.441725,0.000000,0.000000
0.520696,0.478978,0.000326,0.000000
action_ev_data:
6.490073,6.482121,6.377220,0.968967
5.655528,5.641524,5.593607,-2.356350
19.757528,19.729698,19.742819,16.739418
25.587849,25.575169,25.580715,18.454750
6.490073,6.482121,6.377220,0.968967
5.655528,5.641524,5.593607,-2.356350
7.986888,7.979195,7.921589,0.157935
6.301283,6.285430,6.290831,1.252188
5.814439,5.809096,5.747973,0.598665
5.696777,5.684276,5.587731,-0.155154
6.644279,6.629458,6.640893,2.092494
20.254786,20.234068,20.143780,17.033449
20.024639,20.022377,20.022793,16.898645
20.328615,20.314657,20.324755,16.731213
27.547876,27.525841,27.534943,18.583380
6.301283,6.285430,6.290831,1.252188
5.814439,5.809096,5.747973,0.598665
5.696777,5.684276,5.587731,-0.155154
6.644279,6.629458,6.640893,2.092494
7.054582,7.037336,7.004795,1.926759
5.514935,5.523849,5.494234,-0.534927
5.749181,5.739472,5.700360,-0.223407
10.936670,10.935539,10.930005,2.663513
5.121267,5.113733,5.092011,-4.901229
10.767199,10.746692,10.629385,4.863730
7.054582,7.037336,7.004795,1.926759
7.340434,7.330461,7.288588,2.209372
22.508072,22.490719,22.461481,16.398405
17.462015,17.451944,17.456371,11.351986
5.749181,5.739472,5.700360,-0.223407
10.936670,10.935539,10.930005,2.663513
5.121267,5.113733,5.092011,-4.901229
10.767199,10.746692,10.629385,4.863730
12.584219,12.586481,12.583363,4.716663
6.604686,6.594336,6.600508,-2.365658
13.124266,13.113373,13.006181,7.519884
7.469413,7.455423,7.401369,1.292753
5.915623,5.922594,5.788308,-1.151514
6.126959,6.120422,6.008677,-0.786569
5.135830,5.132928,5.104116,-4.770512
10.410161,10.401685,10.338889,4.612384
7.469413,7.455423,7.401369,1.292753
7.699430,7.685686,7.644653,1.623907
17.838091,17.835730,17.830286,11.651583
6.126959,6.120422,6.008677,-0.786569
5.135830,5.132928,5.104116,-4.770512
10.410161,10.401685,10.338889,4.612384
6.631392,6.623321,6.628224,-2.227748
12.789484,12.766329,12.738319,7.085389
8.392260,8.371209,8.241810,0.477021
6.609578,6.609932,5.861635,-2.055330
6.749262,6.745284,6.033588,-1.761329
10.236039,10.213706,10.222643,4.151150
1.889692,1.611159,0.915239,-9.122171
8.392260,8.371209,8.241810,0.477021
8.538753,8.521230,8.364212,0.746146
19.755280,19.750702,19.754353,13.847417
6.749262,6.745284,6.033588,-1.761329
10.236039,10.213706,10.222643,4.151150
1.889692,1.611159,0.915239,-9.122171
12.584355,12.559959,12.568933,6.375188
3.080779,3.042848,2.960763,-6.055746
49.546234,49.524864,49.448170,39.949829
49.359615,49.332386,49.345245,38.901138
12.969509,12.938861,12.884526,7.029568
14.091225,14.089130,14.088970,9.427497
49.359615,49.332386,49.345245,38.901138
12.969509,12.938861,12.884526,7.029568
14.091225,14.089130,14.088970,9.427497
15.474174,15.442401,15.365736,8.435863
16.820986,16.804544,16.803961,10.523651
14.155678,14.149616,14.148281,9.509130
11.959907,11.933882,11.874756,7.085483
12.056832,12.049821,12.050891,7.030053
2.789596,2.779057,2.781115,-9.107121
2.498941,2.488716,2.461879,-8.795969
2.156198,2.157076,1.878139,-11.152411
2.023598,2.002371,1.555552,-7.855698
14.155678,14.149616,14.148281,9.509130
14.303638,14.310473,14.305561,9.453902
15.811747,15.813678,15.805065,9.940879
16.068676,16.058525,16.052883,10.409896
16.718948,16.721800,16.722969,10.024791
20.526134,20.519711,20.522356,14.804185
12.056832,12.049821,12.050891,7.030053
2.789596,2.779057,2.781115,-9.107121
2.498941,2.488716,2.461879,-8.795969
2.156198,2.157076,1.878139,-11.152411
2.023598,2.002371,1.555552,-7.855698
3.987088,3.977043,3.977139,-6.231308
3.812119,3.807424,3.805583,-5.854769
3.362771,3.333564,3.320487,-7.856451
3.387606,3.391738,3.387873,-4.829885
16.917816,16.909613,16.887768,13.558736
14.755424,14.722712,14.634370,11.162416
14.806213,14.798790,14.769995,11.125160
2.520509,2.502358,2.505308,-7.891565
2.119537,2.123195,1.939506,-9.948967
2.139558,2.117525,1.741817,-6.118116
4.623978,4.600235,4.614911,-1.130426
2.139092,2.115727,1.738535,-6.118116
2.317883,2.311804,1.923368,-5.874927
16.917816,16.909613,16.887768,13.558736
17.021324,17.021936,17.018995,13.521717
16.513803,16.511787,16.503338,11.094473
17.211445,17.211800,17.211714,10.439325
3.143572,3.135008,3.122646,-3.004221
21.169685,21.167877,21.131283,14.938120
3.143572,3.135008,3.122646,-3.004221
3.293653,3.279952,3.283334,-2.783513
14.806213,14.798790,14.769995,11.125160
2.520509,2.502358,2.505308,-7.891565
2.119537,2.123195,1.939506,-9.948967
2.139092,2.115727,1.738535,-6.118116
4.623978,4.600235,4.614911,-1.130426
2.139558,2.117525,1.741817,-6.118116
2.317883,2.311804,1.923368,-5.874927
4.001162,4.001155,3.997224,-5.021799
3.444522,3.415675,3.426680,-6.750017
2.320175,2.294322,1.816467,-5.937186
4.757960,4.758134,4.760427,-0.964873
2.320175,2.294322,1.816467,-5.937186
3.761879,3.747598,3.720484,-3.231824
21.314411,21.296291,21.237774,20.404644
19.083454,19.028812,19.017498,18.085308
19.058746,19.049450,19.053770,18.049736
2.114066,2.110388,2.021412,-8.187752
3.956971,3.948432,3.949881,-4.430429
2.114289,2.112825,2.018550,-8.187752
2.314762,2.307683,2.142280,-7.928028
2.611820,2.613488,2.480352,-4.088478
5.383698,5.363994,5.335750,0.041708
2.611832,2.613791,2.477153,-4.088478
2.803001,2.802460,2.648311,-3.853850
21.314411,21.296291,21.237774,20.404644
21.343649,21.348671,21.287285,20.369152
3.577480,3.570372,3.571738,-4.321602
17.670444,17.670231,17.667540,11.210058
3.577480,3.570372,3.571738,-4.321602
3.753655,3.746426,3.719424,-4.088614
4.043312,4.028380,4.011274,-0.845606
21.958164,21.945976,21.880447,15.547321
4.043312,4.028380,4.011274,-0.845606
4.152419,4.139809,4.145890,-0.633966
19.058746,19.049450,19.053770,18.049736
2.114289,2.112825,2.018550,-8.187752
3.956971,3.948432,3.949881,-4.430429
2.114066,2.110388,2.021412,-8.187752
2.314762,2.307683,2.142280,-7.928028
2.611832,2.613791,2.477153,-4.088478
5.383698,5.363994,5.335750,0.041708
2.611820,2.613488,2.480352,-4.088478
2.803001,2.802460,2.648311,-3.853850
2.393142,2.340063,2.181552,-8.010853
4.191423,4.205410,4.194097,-4.267885
2.393142,2.340063,2.181552,-8.010853
3.663807,3.656173,3.659081,-5.077152
2.840538,2.801660,2.652388,-3.907084
5.480379,5.481024,5.460927,0.207667
2.840538,2.801660,2.652388,-3.907084
4.656650,4.654832,4.554389,-1.309878
24.537151,24.514194,24.510036,24.165977
22.140152,22.124189,22.131805,21.957083
22.183388,22.184776,22.184717,21.945240
3.148145,3.154108,3.089457,-4.796760
6.149409,6.141335,6.091753,-0.710607
3.177417,3.176718,3.110788,-4.690791
3.359059,3.362905,3.266627,-4.451600
24.537151,24.514194,24.510036,24.165977
24.645992,24.629829,24.635574,24.145020
5.397453,5.391201,5.321039,-0.911490
21.928589,21.916111,21.896027,15.609562
5.397453,5.391201,5.321039,-0.911490
5.522190,5.511099,5.426165,-0.697778
22.183388,22.184776,22.184717,21.945240
3.177417,3.176718,3.110788,-4.690791
6.149409,6.141335,6.091753,-0.710607
3.148145,3.154108,3.089457,-4.796760
3.359059,3.362905,3.266627,-4.451600
3.334036,3.334747,3.217141,-4.437109
6.254161,6.233418,6.193763,-0.485974
3.334036,3.334747,3.217141,-4.437109
5.405105,5.383738,5.312457,-1.792019
27.639025,27.623150,27.630129,25.117027
24.705202,24.706457,24.710045,23.720676
24.787115,24.788977,24.790489,23.721586
27.639025,27.623150,27.630129,25.117027
27.819712,27.795008,27.785082,25.111763
24.787115,24.788977,24.790489,23.721586
