# HAND DATA FORMAT 1.0
board_size: 3
board: 3d 5s 9d
pot_oop: 30
pot_ip: 20
current_player: 1

# PLAYER: OOP
hands_count: 189
hand,card1,card2,weight,equity,ev
5c4c,8,12,61.178135,0.555738,16.482121
Ac4c,8,48,136.615967,0.424912,15.641524
5d4d,9,13,68.882446,0.712655,29.729698
Ad4d,9,49,146.920944,0.648315,35.575169
5h4h,10,14,61.178135,0.555738,16.482121
Ah4h,10,50,136.615967,0.424912,15.641524
As4s,11,51,116.383026,0.452030,17.979195
6c5c,12,16,108.944916,0.568273,16.285431
7c5c,12,20,72.549255,0.561103,15.809095
8c5c,12,24,70.475220,0.557572,15.684277
Ac5c,12,48,117.403397,0.572206,16.629457
6d5d,13,17,81.031708,0.724227,30.234068
7d5d,13,21,95.550606,0.721531,30.022377
8d5d,13,25,91.787804,0.724144,30.314657
Ad5d,13,49,170.352173,0.758826,37.525841
6h5h,14,18,108.944916,0.568273,16.285431
7h5h,14,22,72.549255,0.561103,15.809095
8h5h,14,26,70.475220,0.557572,15.684277
Ah5h,14,50,117.403397,0.572206,16.629457
6d6c,16,17,81.933319,0.584423,17.037336
6h6c,16,18,89.935760,0.558832,15.523849
6s6c,16,19,95.717903,0.561563,15.739472
7c6c,16,20,152.079239,0.407466,20.935539
8c6c,16,24,169.368439,0.304649,15.113733
9c6c,16,28,107.972511,0.655178,20.746691
6h6d,17,18,81.933319,0.584423,17.037336
6s6d,17,19,84.762901,0.587084,17.330460
7d6d,17,21,104.649231,0.605913,32.490719
8d6d,17,25,110.132874,0.544619,27.451944
6s6h,18,19,95.717903,0.561563,15.739472
7h6h,18,22,152.079239,0.407466,20.935539
8h6h,18,26,169.368439,0.304649,15.113733
9h6h,18,30,107.972511,0.655178,20.746691
7s6s,19,23,151.837631,0.433304,22.586481
8s6s,19,27,146.867767,0.335950,16.594336
9s6s,19,31,101.894394,0.673316,23.113373
7d7c,20,21,83.125252,0.600570,17.455423
7h7c,20,22,78.487015,0.574517,15.922594
7s7c,20,23,80.722359,0.577241,16.120422
8c7c,20,24,165.251740,0.311243,15.132929
9c7c,20,28,125.827705,0.651131,20.401684
7h7d,21,22,83.125252,0.600570,17.455423
7s7d,21,23,71.362038,0.603222,17.685686
8d7d,21,25,122.081642,0.550400,27.835730
7s7h,22,23,80.722359,0.577241,16.120422
8h7h,22,26,165.251740,0.311243,15.132929
9h7h,22,30,125.827705,0.651131,20.401684
8s7s,23,27,142.334030,0.342377,16.623322
9s7s,23,31,120.114311,0.669768,22.766329
8d8c,24,25,91.803230,0.620969,18.371208
8h8c,24,26,63.591541,0.593202,16.609932
8s8c,24,27,50.446281,0.595024,16.745283
9c8c,24,28,130.580536,0.648862,20.213705
Ac8c,24,48,0.000000,0.000000,0.000000
8h8d,25,26,91.803230,0.620969,18.371208
8s8d,25,27,79.157448,0.622783,18.521229
Ad8d,25,49,128.003159,0.617554,29.750702
8s8h,26,27,50.446281,0.595024,16.745283
9h8h,26,30,130.580536,0.648862,20.213705
Ah8h,26,50,0.000000,0.000000,0.000000
9s8s,27,31,126.119919,0.667319,22.559959
As8s,27,51,76.066589,0.399300,13.042849
9h9c,28,30,125.342674,0.915028,59.524864
9s9c,28,31,147.870117,0.916158,59.332386
Kc9c,28,44,103.052719,0.684474,22.938862
Ac9c,28,48,141.411911,0.701025,24.089130
9s9h,30,31,147.870117,0.916158,59.332386
Kh9h,30,46,103.052719,0.684474,22.938862
Ah9h,30,50,141.411911,0.701025,24.089130
Ks9s,31,47,110.997971,0.703397,25.442402
As9s,31,51,148.312759,0.720189,26.804544
TdTc,32,33,145.202408,0.705243,24.149616
ThTc,32,34,121.102867,0.677963,21.933882
TsTc,32,35,132.896408,0.679930,22.049822
JcTc,32,36,85.822296,0.248799,12.779057
QcTc,32,40,71.428246,0.254326,12.488716
KcTc,32,44,0.418329,0.275499,12.157076
AcTc,32,48,0.000000,0.000000,0.000000
ThTd,33,34,145.202408,0.705243,24.149616
TsTd,33,35,141.514648,0.707203,24.310474
JdTd,33,37,137.914566,0.520713,25.813679
QdTd,33,41,141.120209,0.528448,26.058525
KdTd,33,45,153.333694,0.549772,26.721800
AdTd,33,49,144.617599,0.636236,30.519711
TsTh,34,35,132.896408,0.679930,22.049822
JhTh,34,38,85.822296,0.248799,12.779057
QhTh,34,42,71.428246,0.254326,12.488716
KhTh,34,46,0.418329,0.275499,12.157076
AhTh,34,50,0.000000,0.000000,0.000000
JsTs,35,39,161.885071,0.285791,13.977043
QsTs,35,43,197.702377,0.291790,13.807424
KsTs,35,47,97.121559,0.312181,13.333565
AsTs,35,51,142.277557,0.423332,13.391739
JdJc,36,37,142.712387,0.740938,26.909615
JhJc,36,38,110.527466,0.714657,24.722712
JsJc,36,39,117.926758,0.716507,24.798790
QcJc,36,40,138.869919,0.263452,12.502357
KcJc,36,44,14.231483,0.298451,12.123196
AcJc,36,48,0.000000,0.000000,0.000000
AdJc,36,49,118.555237,0.469056,14.600235
AhJc,36,50,0.000000,0.000000,0.000000
AsJc,36,51,0.000000,0.000000,0.000000
JhJd,37,38,142.712387,0.740938,26.909615
JsJd,37,39,123.513062,0.742781,27.021938
QdJd,37,41,166.498856,0.534645,26.511787
KdJd,37,45,153.908051,0.565247,27.211800
AcJd,37,48,143.727036,0.461874,13.135008
AdJd,37,49,93.835983,0.660870,31.167877
AhJd,37,50,143.727036,0.461874,13.135008
AsJd,37,51,180.941345,0.462830,13.279951
JsJh,38,39,117.926758,0.716507,24.798790
QhJh,38,42,138.869919,0.263452,12.502357
KhJh,38,46,14.231483,0.298451,12.123196
AcJh,38,48,0.000000,0.000000,0.000000
AdJh,38,49,118.555237,0.469056,14.600235
AhJh,38,50,0.000000,0.000000,0.000000
AsJh,38,51,0.000000,0.000000,0.000000
QsJs,39,43,194.643631,0.300565,14.001155
KsJs,39,47,145.739624,0.334167,13.415675
AcJs,39,48,0.000000,0.000000,0.000000
AdJs,39,49,159.477814,0.470917,14.758135
AhJs,39,50,0.000000,0.000000,0.000000
AsJs,39,51,69.263954,0.459116,13.747598
QdQc,40,41,143.742218,0.779553,31.296291
QhQc,40,42,121.538773,0.752954,29.028816
QsQc,40,43,148.301163,0.754825,29.049452
KcQc,40,44,39.539024,0.336159,12.110388
KdQc,40,45,168.842865,0.376398,13.948432
KhQc,40,46,38.991074,0.336159,12.112825
KsQc,40,47,21.365046,0.337370,12.307684
AcQc,40,48,14.829899,0.466748,12.613487
AdQc,40,49,78.123238,0.506612,15.363995
AhQc,40,50,14.492172,0.466748,12.613791
AsQc,40,51,23.658907,0.467647,12.802460
QhQd,41,42,143.742218,0.779553,31.296291
QsQd,41,43,145.100525,0.781416,31.348671
KcQd,41,44,176.352234,0.372183,13.570372
KdQd,41,45,134.450150,0.590379,27.670233
KhQd,41,46,176.352234,0.372183,13.570372
KsQd,41,47,196.941452,0.373419,13.746426
AcQd,41,48,74.714577,0.500241,14.028379
AdQd,41,49,59.632469,0.685924,31.945976
AhQd,41,50,74.714577,0.500241,14.028379
AsQd,41,51,96.586678,0.501180,14.139809
QsQh,42,43,148.301163,0.754825,29.049452
KcQh,42,44,38.991074,0.336159,12.112825
KdQh,42,45,168.842865,0.376398,13.948432
KhQh,42,46,39.539024,0.336159,12.110388
KsQh,42,47,21.365046,0.337370,12.307684
AcQh,42,48,14.492172,0.466748,12.613791
AdQh,42,49,78.123238,0.506612,15.363995
AhQh,42,50,14.829899,0.466748,12.613487
AsQh,42,51,23.658907,0.467647,12.802460
KcQs,43,44,71.367195,0.337873,12.340063
KdQs,43,45,208.177505,0.378104,14.205410
KhQs,43,46,71.367195,0.337873,12.340063
KsQs,43,47,155.269302,0.370165,13.656172
AcQs,43,48,63.724300,0.468646,12.801660
AdQs,43,49,104.540039,0.508495,15.481025
AhQs,43,50,63.724300,0.468646,12.801660
AsQs,43,51,35.475224,0.495084,14.654831
KdKc,44,45,134.223618,0.804154,34.514194
KhKc,44,46,133.692398,0.773564,32.124191
KsKc,44,47,149.772873,0.776221,32.184776
AcKc,44,48,44.399052,0.496798,13.154108
AdKc,44,49,69.887909,0.536494,16.141335
AhKc,44,50,23.704346,0.496812,13.176718
AsKc,44,51,6.209464,0.497683,13.362905
KhKd,45,46,134.223618,0.804154,34.514194
KsKd,45,47,147.259369,0.806710,34.629829
AcKd,45,48,85.445061,0.533415,15.391201
AdKd,45,49,70.095139,0.705838,31.916111
AhKd,45,50,85.445061,0.533415,15.391201
AsKd,45,51,75.604912,0.534313,15.511099
KsKh,46,47,149.772873,0.776221,32.184776
AcKh,46,48,23.704346,0.496812,13.176718
AdKh,46,49,69.887909,0.536494,16.141335
AhKh,46,50,44.399052,0.496798,13.154108
AsKh,46,51,6.209464,0.497683,13.362905
AcKs,47,48,14.511055,0.497483,13.334747
AdKs,47,49,76.717751,0.537176,16.233418
AhKs,47,50,14.511055,0.497483,13.334747
AsKs,47,51,52.916550,0.522261,15.383738
AdAc,48,49,108.346390,0.842949,37.623150
AhAc,48,50,87.482491,0.808047,34.706459
AsAc,48,51,109.206955,0.811093,34.788979
AhAd,49,50,108.346390,0.842949,37.623150
AsAd,49,51,101.596794,0.845859,37.795006
AsAh,50,51,109.206955,0.811093,34.788979

# PLAYER: IP
hands_count: 273
hand,card1,card2,weight,equity,ev
2d2c,0,1,74.312920,0.387562,0.231011
2h2c,0,2,74.312920,0.363990,0.000000
2s2c,0,3,74.312920,0.364871,0.000000
Ac2c,0,48,69.314743,0.378922,3.102762
2h2d,1,2,74.312920,0.387562,0.231011
2s2d,1,3,74.312920,0.388443,0.341040
Ad2d,1,49,65.893600,0.621759,30.866697
2s2h,2,3,74.312920,0.364871,0.000000
Ah2h,2,50,69.314743,0.378922,3.102762
As2s,3,51,68.512199,0.409813,6.191243
3h3c,4,6,74.312920,0.866026,65.336594
3s3c,4,7,74.312920,0.866040,65.415710
5c3c,4,12,72.608055,0.753828,42.615543
Ac3c,4,48,69.314743,0.431580,2.982364
3s3h,6,7,74.312920,0.866040,65.415710
5h3h,6,14,72.608055,0.753828,42.615543
Ah3h,6,50,69.314743,0.431580,2.982364
As3s,7,51,68.512199,0.454150,6.942221
4d4c,8,9,72.661263,0.403610,0.736723
4h4c,8,10,72.727089,0.378317,0.000000
4s4c,8,11,73.048813,0.378786,0.000000
5c4c,8,12,72.050438,0.442454,3.509144
6c4c,8,16,70.350418,0.363331,11.576848
Ac4c,8,48,69.079437,0.391436,4.554214
4h4d,9,10,72.661263,0.403610,0.736723
4s4d,9,11,72.982994,0.404129,0.993486
5d4d,9,13,71.718719,0.636049,24.441097
6d4d,9,17,71.325706,0.557051,26.552868
Ad4d,9,49,65.629684,0.629439,32.335098
4s4h,10,11,73.048813,0.378786,0.000000
5h4h,10,14,72.050438,0.442454,3.509144
6h4h,10,18,70.350418,0.363331,11.576848
Ah4h,10,50,69.079437,0.391436,4.554214
6s4s,11,19,71.188980,0.388600,14.058426
As4s,11,51,68.512199,0.421256,7.818706
5d5c,12,13,70.608673,0.875013,65.992645
5h5c,12,14,70.903191,0.863682,65.451187
6c5c,12,16,69.864037,0.450845,3.311749
7c5c,12,20,69.909218,0.443489,2.381095
Kc5c,12,44,68.428062,0.449701,3.092230
Ac5c,12,48,68.093018,0.462663,2.834511
5h5d,13,14,70.608673,0.875013,65.992645
6d5d,13,17,70.499138,0.642291,24.464622
7d5d,13,21,70.495277,0.638470,23.473074
Kd5d,13,45,65.187958,0.658300,28.757168
Ad5d,13,49,64.586708,0.677755,32.659863
6h5h,14,18,69.864037,0.450845,3.311749
7h5h,14,22,69.909218,0.443489,2.381095
Kh5h,14,46,68.428062,0.449701,3.092230
Ah5h,14,50,68.093018,0.462663,2.834511
6d6c,16,17,69.336166,0.462433,2.213539
6h6c,16,18,68.327835,0.436492,0.403168
6s6c,16,19,68.865944,0.440897,0.728007
7c6c,16,20,68.759842,0.374057,12.792939
8c6c,16,24,68.881187,0.276944,2.201568
9c6c,16,28,68.052193,0.555527,9.641272
Kc6c,16,44,66.963341,0.246030,0.000000
Ac6c,16,48,66.145157,0.319596,0.000000
6h6d,17,18,69.336166,0.462433,2.213539
6s6d,17,19,69.862793,0.466664,2.655261
7d6d,17,21,70.404617,0.567211,28.075676
8d6d,17,25,69.781792,0.510264,18.262691
Kd6d,17,45,65.058861,0.519850,16.483624
Ad6d,17,49,63.765121,0.588807,22.951420
6s6h,18,19,68.865944,0.440897,0.728007
7h6h,18,22,68.759842,0.374057,12.792939
8h6h,18,26,68.881187,0.276944,2.201568
9h6h,18,30,68.052193,0.555527,9.641272
Kh6h,18,46,66.963341,0.246030,0.000000
Ah6h,18,50,66.145157,0.319596,0.000000
7s6s,19,23,69.716881,0.399656,15.355299
8s6s,19,27,69.572426,0.307707,4.527179
9s6s,19,31,68.465866,0.580013,13.520418
Ks6s,19,47,66.062958,0.284251,-0.000964
As6s,19,51,65.859444,0.355575,0.003554
7d7c,20,21,69.468063,0.481492,2.360239
7h7c,20,22,68.657463,0.456869,0.769870
7s7c,20,23,69.110847,0.460235,1.034634
8c7c,20,24,69.052269,0.289561,3.423000
9c7c,20,28,68.309845,0.554995,9.017559
Tc7c,20,32,69.082413,0.197817,0.000000
Kc7c,20,44,67.150696,0.237126,0.000000
Ac7c,20,48,66.332512,0.320041,0.000000
7h7d,21,22,69.468063,0.481492,2.360239
7s7d,21,23,69.866669,0.484742,2.714249
8d7d,21,25,69.768517,0.520532,19.519650
Td7d,21,33,68.041176,0.473139,13.477303
Kd7d,21,45,64.998726,0.515143,15.784698
Ad7d,21,49,63.704990,0.590048,22.886921
7s7h,22,23,69.110847,0.460235,1.034634
8h7h,22,26,69.052269,0.289561,3.423000
9h7h,22,30,68.309845,0.554995,9.017559
Th7h,22,34,69.082413,0.197817,0.000000
Kh7h,22,46,67.150696,0.237126,0.000000
Ah7h,22,50,66.332512,0.320041,0.000000
8s7s,23,27,69.670937,0.320637,5.779435
9s7s,23,31,68.653671,0.579676,12.969200
Ts7s,23,35,67.682991,0.236342,0.000000
Ks7s,23,47,66.179314,0.276292,0.000000
As7s,23,51,65.975800,0.356462,-0.000850
8d8c,24,25,68.909645,0.500567,4.027917
8h8c,24,26,68.702087,0.474940,1.875940
8s8c,24,27,68.915558,0.477305,2.202755
9c8c,24,28,68.381226,0.557417,9.777115
Tc8c,24,32,69.133049,0.197634,0.000000
Jc8c,24,36,68.387596,0.198397,0.000000
Qc8c,24,40,67.169655,0.198264,0.000000
Kc8c,24,44,67.201340,0.227011,0.000000
Ac8c,24,48,66.383148,0.315884,0.000000
8h8d,25,26,68.909645,0.500567,4.027917
8s8d,25,27,69.125290,0.502907,4.430045
Td8d,25,33,67.395233,0.476805,14.176417
Jd8d,25,37,65.579773,0.478407,14.300281
Qd8d,25,41,64.371407,0.483666,14.289539
Kd8d,25,45,64.352791,0.513438,15.532701
Ad8d,25,49,63.585815,0.588433,22.023127
8s8h,26,27,68.915558,0.477305,2.202755
9h8h,26,30,68.381226,0.557417,9.777115
Th8h,26,34,69.133049,0.197634,0.000000
Jh8h,26,38,68.387596,0.198397,0.000000
Qh8h,26,42,67.169655,0.198264,0.000000
Kh8h,26,46,67.201340,0.227011,0.000000
Ah8h,26,50,66.383148,0.315884,0.000000
9s8s,27,31,68.551567,0.581996,13.543861
Ts8s,27,35,67.553429,0.237422,0.000000
Js8s,27,39,67.158340,0.237837,0.000000
Qs8s,27,43,65.023300,0.239816,0.000000
Ks8s,27,47,66.049751,0.268202,0.000000
As8s,27,51,66.161865,0.351902,0.000000
9h9c,28,30,67.773933,0.890516,71.194672
9s9c,28,31,67.784966,0.891789,71.242485
Tc9c,28,32,68.548409,0.573212,11.165962
Jc9c,28,36,67.802948,0.576740,11.492570
Qc9c,28,40,66.585014,0.581276,11.988937
Kc9c,28,44,67.033913,0.585862,11.959408
Ac9c,28,48,66.385277,0.603839,13.265583
9s9h,30,31,67.784966,0.891789,71.242485
Th9h,30,34,68.548409,0.573212,11.165962
Jh9h,30,38,67.802948,0.576740,11.492570
Qh9h,30,42,66.585014,0.581276,11.988937
Kh9h,30,46,67.033913,0.585862,11.959408
Ah9h,30,50,66.385277,0.603839,13.265583
Ts9s,31,35,66.625496,0.590551,14.509109
Js9s,31,39,66.230415,0.594431,14.792943
Qs9s,31,43,64.095375,0.597305,15.224869
Ks9s,31,47,65.569397,0.606054,15.888970
As9s,31,51,65.531174,0.625444,17.621368
TdTc,32,33,68.564644,0.601493,12.162445
ThTc,32,34,70.304680,0.577982,9.317655
TsTc,32,35,68.506981,0.573151,9.115997
JcTc,32,36,69.419777,0.220773,-0.000367
QcTc,32,40,68.143326,0.223292,0.000000
KcTc,32,44,67.886360,0.248037,0.000000
AcTc,32,48,67.066460,0.335478,0.000000
AdTc,32,49,63.645321,0.382706,1.647437
AhTc,32,50,67.066460,0.335478,0.000000
AsTc,32,51,66.263924,0.333956,0.000000
ThTd,33,34,68.564644,0.601493,12.162445
TsTd,33,35,66.704582,0.596958,12.093414
JdTd,33,37,64.887291,0.499749,17.878805
QdTd,33,41,63.691845,0.503399,17.405760
KdTd,33,45,63.727505,0.526397,17.836914
AcTd,33,48,65.231606,0.361348,0.003322
AdTd,33,49,62.410534,0.598166,22.860558
AhTd,33,50,65.231606,0.361348,0.003322
AsTd,33,51,64.429062,0.359967,-0.006032
TsTh,34,35,68.506981,0.573151,9.115997
JhTh,34,38,69.419777,0.220773,-0.000367
QhTh,34,42,68.143326,0.223292,0.000000
KhTh,34,46,67.886360,0.248037,0.000000
AcTh,34,48,67.066460,0.335478,0.000000
AdTh,34,49,63.645321,0.382706,1.647437
AhTh,34,50,67.066460,0.335478,0.000000
AsTh,34,51,66.263924,0.333956,0.000000
JsTs,35,39,66.388840,0.259923,0.219887
QsTs,35,43,64.399391,0.260250,0.004282
KsTs,35,47,65.018593,0.280681,-0.001759
AcTs,35,48,65.221207,0.326924,0.000000
AdTs,35,49,61.800064,0.374630,1.182834
AhTs,35,50,65.221207,0.326924,0.000000
AsTs,35,51,65.013969,0.358616,0.019530
JdJc,36,37,66.003082,0.645395,16.546907
JhJc,36,38,68.778427,0.624056,13.920393
JsJc,36,39,67.313873,0.620579,13.775810
QcJc,36,40,67.676643,0.241711,-0.001901
KcJc,36,44,67.197998,0.258208,0.000000
KdJc,36,45,64.193596,0.294279,0.207598
KhJc,36,46,67.139191,0.257996,0.000000
KsJc,36,47,65.721977,0.255135,0.000000
AcJc,36,48,66.321007,0.362305,0.000000
AdJc,36,49,63.397995,0.402490,2.045476
AhJc,36,50,66.321007,0.362305,0.000000
AsJc,36,51,65.518463,0.355704,0.000000
JhJd,37,38,66.003082,0.645395,16.546907
JsJd,37,39,64.429840,0.642304,16.541172
QdJd,37,41,61.984177,0.516040,17.893967
KcJd,37,44,64.234329,0.293640,-0.011436
KdJd,37,45,61.919506,0.532486,18.155787
KhJd,37,46,64.234329,0.293640,-0.011436
KsJd,37,47,62.817112,0.290965,0.000455
AcJd,37,48,64.022583,0.390816,0.079990
AdJd,37,49,60.387619,0.611862,24.148323
AhJd,37,50,64.022583,0.390816,0.079990
AsJd,37,51,63.373856,0.384670,-0.007181
JsJh,38,39,67.313873,0.620579,13.775810
QhJh,38,42,67.676643,0.241711,-0.001901
KcJh,38,44,67.139191,0.257996,0.000000
KdJh,38,45,64.193596,0.294279,0.207598
KhJh,38,46,67.197998,0.258208,0.000000
KsJh,38,47,65.721977,0.255135,0.000000
AcJh,38,48,66.321007,0.362305,0.000000
AdJh,38,49,63.397995,0.402490,2.045476
AhJh,38,50,66.321007,0.362305,0.000000
AsJh,38,51,65.518463,0.355704,0.000000
QsJs,39,43,63.998363,0.275037,0.206747
KcJs,39,44,65.644310,0.254096,0.000000
KdJs,39,45,62.698719,0.290585,-0.018493
KhJs,39,46,65.644310,0.254096,0.000000
KsJs,39,47,64.826843,0.287970,0.074147
AcJs,39,48,64.826126,0.355564,0.000000
AdJs,39,49,62.075058,0.396364,1.887583
AhJs,39,50,64.826126,0.355564,0.000000
AsJs,39,51,64.315834,0.380124,0.634768
QdQc,40,41,63.580975,0.704202,24.627968
QhQc,40,42,66.387672,0.680125,21.591429
QsQc,40,43,64.085373,0.675194,21.252131
KcQc,40,44,66.084633,0.298398,-0.000177
KdQc,40,45,63.670486,0.328579,1.064248
KhQc,40,46,66.082367,0.298391,-0.000020
KsQc,40,47,64.591957,0.291870,0.000000
AcQc,40,48,65.165901,0.403424,-0.001945
AdQc,40,49,62.010170,0.434623,3.244751
AhQc,40,50,65.164467,0.403421,-0.001924
AsQc,40,51,64.400345,0.394749,0.000000
QhQd,41,42,63.580975,0.704202,24.627968
QsQd,41,43,61.174538,0.699975,24.442953
KcQd,41,44,63.751686,0.332581,0.940000
KdQd,41,45,60.631390,0.550136,19.053852
KhQd,41,46,63.751686,0.332581,0.940000
KsQd,41,47,62.415878,0.326750,0.833357
AcQd,41,48,62.523022,0.428066,1.542334
AdQd,41,49,59.036137,0.629690,25.859983
AhQd,41,50,62.523022,0.428066,1.542334
AsQd,41,51,61.811054,0.419418,1.328374
QsQh,42,43,64.085373,0.675194,21.252131
KcQh,42,44,66.082367,0.298391,-0.000020
KdQh,42,45,63.670486,0.328579,1.064248
KhQh,42,46,66.084633,0.298398,-0.000177
KsQh,42,47,64.591957,0.291870,0.000000
AcQh,42,48,65.164467,0.403421,-0.001924
AdQh,42,49,62.010170,0.434623,3.244751
AhQh,42,50,65.165901,0.403424,-0.001945
AsQh,42,51,64.400345,0.394749,0.000000
KcQs,43,44,63.804173,0.293333,0.000000
KdQs,43,45,61.420372,0.323616,0.732214
KhQs,43,46,63.804173,0.293333,0.000000
KsQs,43,47,62.731018,0.320815,0.690229
AcQs,43,48,62.961098,0.393775,0.000000
AdQs,43,49,59.709183,0.424792,2.922009
AhQs,43,50,62.961098,0.393775,0.000000
AsQs,43,51,62.038223,0.413615,2.114492
AdKc,44,49,62.009739,0.464550,4.173184
AhKc,44,50,65.236046,0.437252,0.516091
AsKc,44,51,64.358627,0.429388,0.260129
AcKd,45,48,62.552750,0.460803,2.986733
AhKd,45,50,62.552750,0.460803,2.986733
AsKd,45,51,61.706974,0.452918,2.823636
AcKh,46,48,65.236046,0.437252,0.516091
AdKh,46,49,62.009739,0.464550,4.173184
AsKh,46,51,64.358627,0.429388,0.260129
AcKs,47,48,63.779282,0.432144,0.396532
AdKs,47,49,60.620094,0.459492,4.147809
AhKs,47,50,63.779282,0.432144,0.396532

# STRATEGY
num_actions: 4
actions: Fold,Call,Raise(20),AllIn(200)
strategy_data:
0.000000,0.762639,0.237361,0.000000
1.000000,0.000000,0.000000,0.000000
1.000000,0.000000,0.000000,0.000000
0.000000,0.507694,0.492306,0.000000
0.000000,0.762639,0.237361,0.000000
0.000000,0.873317,0.126683,0.000000
0.000000,0.534472,0.465528,0.000000
1.000000,0.000000,0.000000,0.000000
0.000000,0.507694,0.492306,0.000000
0.000000,0.712150,0.287850,0.000000
0.000000,0.000000,1.000000,0.000000
0.000000,0.000000,1.000000,0.000000
0.000000,0.714171,0.285829,0.000000
0.000000,0.791720,0.208280,0.000000
0.000000,0.000000,1.000000,0.000000
0.000000,0.714171,0.285829,0.000000
0.000000,0.791720,0.208280,0.000000
0.000000,1.000000,0.000000,0.000000
0.000000,0.700040,0.299960,0.000000
1.000000,0.000000,0.000000,0.000000
1.000000,0.000000,0.000000,0.000000
0.000000,0.850771,0.149229,0.000000
0.000000,0.696805,0.303195,0.000000
0.000000,0.716384,0.283617,0.000000
0.000000,0.700040,0.299960,0.000000
0.000000,0.530860,0.469140,0.000000
0.000000,0.608627,0.391373,0.000000
0.000000,0.634508,0.365492,0.000000
0.000000,0.502889,0.497111,0.000000
1.000000,0.000000,0.000000,0.000000
0.000000,0.850771,0.149229,0.000000
0.000000,0.696805,0.303195,0.000000
0.000000,0.716384,0.283617,0.000000
0.000000,0.704648,0.295352,0.000000
0.000000,0.862826,0.137174,0.000000
0.000000,0.391063,0.608937,0.000000
0.000000,0.074920,0.925080,0.000000
0.000000,0.849134,0.150866,0.000000
0.000000,0.937636,0.062364,0.000000
0.000000,0.966089,0.033911,0.000000
0.000000,0.915454,0.084546,0.000000
0.000000,0.391063,0.608937,0.000000
0.000000,0.423674,0.576326,0.000000
0.000000,0.172104,0.827896,0.000000
0.000000,0.839054,0.160946,0.000000
0.000000,0.779262,0.220738,0.000000
0.000000,0.849134,0.150866,0.000000
0.000000,0.937636,0.062364,0.000000
0.000000,0.966089,0.033911,0.000000
0.000000,0.915454,0.084546,0.000000
0.000000,0.893575,0.106425,0.000000
0.000000,0.451307,0.548693,0.000000
0.000000,0.688508,0.311492,0.000000
0.000000,0.849413,0.150587,0.000000
0.000000,0.753869,0.246131,0.000000
0.000000,0.707440,0.292560,0.000000
1.000000,0.000000,0.000000,0.000000
1.000000,0.000000,0.000000,0.000000
0.000000,0.893575,0.106425,0.000000
0.000000,0.786089,0.213910,0.000000
0.000000,0.550318,0.449682,0.000000
0.000000,0.292573,0.707427,0.000000
0.000000,0.589358,0.410642,0.000000
0.000000,0.635258,0.364742,0.000000
0.000000,0.688508,0.311492,0.000000
0.000000,0.849413,0.150587,0.000000
0.000000,0.753869,0.246131,0.000000
0.000000,0.707440,0.292560,0.000000
1.000000,0.000000,0.000000,0.000000
1.000000,0.000000,0.000000,0.000000
0.000000,0.837724,0.162276,0.000000
0.000000,0.658957,0.341043,0.000000
0.000000,0.707430,0.292570,0.000000
0.898957,0.000000,0.101043,0.000000
0.733559,0.239541,0.026900,0.000000
0.000000,0.874195,0.125804,0.000000
0.000000,0.449225,0.550775,0.000000
0.000000,0.527228,0.472772,0.000000
0.000000,0.792702,0.207298,0.000000
0.000000,0.716084,0.283916,0.000000
1.000000,0.000000,0.000000,0.000000
1.000000,0.000000,0.000000,0.000000
1.000000,0.000000,0.000000,0.000000
0.000000,0.874195,0.125804,0.000000
0.000000,0.766930,0.233070,0.000000
0.000000,0.664983,0.335017,0.000000
0.000000,0.773919,0.226081,0.000000
0.000000,0.646212,0.353788,0.000000
0.000000,0.490616,0.509384,0.000000
0.000000,0.527228,0.472772,0.000000
0.000000,0.792702,0.207298,0.000000
0.000000,0.716084,0.283916,0.000000
1.000000,0.000000,0.000000,0.000000
1.000000,0.000000,0.000000,0.000000
1.000000,0.000000,0.000000,0.000000
0.000000,0.781456,0.218544,0.000000
0.000000,0.609673,0.390327,0.000000
1.000000,0.000000,0.000000,0.000000
1.000000,0.000000,0.000000,0.000000
0.731160,0.161248,0.107592,0.000000
0.000000,0.822022,0.177978,0.000000
0.000000,0.599082,0.400918,0.000000
0.000000,0.710669,0.289331,0.000000
0.000000,0.748928,0.251072,0.000000
1.000000,0.000000,0.000000,0.000000
1.000000,0.000000,0.000000,0.000000
1.000000,0.000000,0.000000,0.000000
1.000000,0.000000,0.000000,0.000000
1.000000,0.000000,0.000000,0.000000
0.000000,0.822022,0.177978,0.000000
0.000000,0.821721,0.178279,0.000000
0.000000,0.908816,0.091184,0.000000
0.000000,0.830091,0.169908,0.000000
0.000000,0.522380,0.477620,0.000000
0.000000,0.543947,0.456053,0.000000
0.000000,0.524431,0.475569,0.000000
0.000000,0.710669,0.289331,0.000000
0.000000,0.748928,0.251072,0.000000
1.000000,0.000000,0.000000,0.000000
1.000000,0.000000,0.000000,0.000000
1.000000,0.000000,0.000000,0.000000
1.000000,0.000000,0.000000,0.000000
1.000000,0.000000,0.000000,0.000000
0.000000,0.742986,0.257014,0.000000
1.000000,0.000000,0.000000,0.000000
1.000000,0.000000,0.000000,0.000000
1.000000,0.000000,0.000000,0.000000
1.000000,0.000000,0.000000,0.000000
1.000000,0.000000,0.000000,0.000000
0.000000,0.328598,0.671402,0.000000
0.000000,0.352198,0.647802,0.000000
0.000000,0.931258,0.068742,0.000000
0.000000,0.913083,0.086917,0.000000
0.000000,0.923017,0.076983,0.000000
0.000000,0.702500,0.297500,0.000000
0.000000,0.504715,0.495285,0.000000
0.000000,0.352198,0.647802,0.000000
0.000000,0.931258,0.068742,0.000000
0.000000,0.913083,0.086917,0.000000
0.000000,0.923017,0.076983,0.000000
0.000000,0.702500,0.297500,0.000000
0.000000,0.504715,0.495285,0.000000
0.000000,0.879596,0.120404,0.000000
0.000000,0.907303,0.092697,0.000000
0.000000,0.843441,0.156559,0.000000
0.000000,0.753959,0.246041,0.000000
0.000000,0.451327,0.548673,0.000000
0.000000,0.690114,0.309886,0.000000
0.000000,0.598918,0.401082,0.000000
0.000000,0.837669,0.162331,0.000000
0.941079,0.000000,0.058921,0.000000
1.000000,0.000000,0.000000,0.000000
1.000000,0.000000,0.000000,0.000000
1.000000,0.000000,0.000000,0.000000
0.000000,0.520775,0.479225,0.000000
1.000000,0.000000,0.000000,0.000000
1.000000,0.000000,0.000000,0.000000
0.000000,0.690114,0.309886,0.000000
0.000000,0.945791,0.054209,0.000000
0.000000,0.736472,0.263528,0.000000
0.000000,0.714249,0.285751,0.000000
0.000000,0.675370,0.324630,0.000000
0.349436,0.356552,0.294012,0.000000
0.000000,0.549595,0.450405,0.000000
0.349436,0.356552,0.294012,0.000000
0.699097,0.152026,0.148877,0.000000
0.000000,0.837669,0.162331,0.000000
0.941079,0.000000,0.058921,0.000000
1.000000,0.000000,0.000000,0.000000
1.000000,0.000000,0.000000,0.000000
1.000000,0.000000,0.000000,0.000000
0.000000,0.520775,0.479225,0.000000
1.000000,0.000000,0.000000,0.000000
1.000000,0.000000,0.000000,0.000000
0.000000,0.913426,0.086574,0.000000
0.278739,0.487658,0.233603,0.000000
0.806969,0.148621,0.044410,0.000000
1.000000,0.000000,0.000000,0.000000
0.000000,0.758125,0.241875,0.000000
1.000000,0.000000,0.000000,0.000000
0.388448,0.611552,0.000000,0.000000
0.000000,0.772323,0.227677,0.000000
0.000000,0.708491,0.291510,0.000000
0.000000,0.889859,0.110141,0.000000
0.858593,0.019552,0.121855,0.000000
1.000000,0.000000,0.000000,0.000000
0.000000,0.670385,0.329615,0.000000
1.000000,0.000000,0.000000,0.000000
1.000000,0.000000,0.000000,0.000000
1.000000,0.000000,0.000000,0.000000
0.000000,0.668204,0.331796,0.000000
1.000000,0.000000,0.000000,0.000000
1.000000,0.000000,0.000000,0.000000
0.000000,0.772323,0.227677,0.000000
0.000000,0.905118,0.094882,0.000000
0.000000,0.754373,0.245627,0.000000
0.372498,0.456034,0.171468,0.000000
0.000000,0.692615,0.307385,0.000000
0.372498,0.456034,0.171468,0.000000
0.948928,0.051072,0.000000,0.000000
0.000000,0.839397,0.160603,0.000000
0.000000,0.897485,0.102515,0.000000
0.000000,0.839397,0.160603,0.000000
0.013217,0.564824,0.421960,0.000000
0.000000,0.889859,0.110141,0.000000
0.858593,0.019552,0.121855,0.000000
1.000000,0.000000,0.000000,0.000000
0.000000,0.670385,0.329615,0.000000
1.000000,0.000000,0.000000,0.000000
1.000000,0.000000,0.000000,0.000000
1.000000,0.000000,0.000000,0.000000
0.000000,0.668204,0.331796,0.000000
1.000000,0.000000,0.000000,0.000000
1.000000,0.000000,0.000000,0.000000
0.000000,0.750361,0.249639,0.000000
1.000000,0.000000,0.000000,0.000000
0.557208,0.356368,0.086424,0.000000
1.000000,0.000000,0.000000,0.000000
0.000000,0.654691,0.345309,0.000000
1.000000,0.000000,0.000000,0.000000
0.000000,0.773447,0.226553,0.000000
1.000000,0.000000,0.000000,0.000000
0.000000,1.000000,0.000000,0.000000
0.000000,0.684871,0.315129,0.000000
0.000000,0.448148,0.551852,0.000000
0.000000,0.821853,0.178147,0.000000
0.981210,0.000000,0.018790,0.000000
0.000000,0.779034,0.220966,0.000000
0.998156,0.000000,0.001844,0.000000
1.000000,0.000000,0.000000,0.000000
0.792907,0.160196,0.046897,0.000000
0.000000,0.778674,0.221326,0.000000
0.786754,0.177997,0.035248,0.000000
1.000000,0.000000,0.000000,0.000000
0.000000,0.684871,0.315129,0.000000
0.000000,0.819102,0.180898,0.000000
0.000000,0.758565,0.241435,0.000000
0.000000,0.673375,0.326625,0.000000
0.000000,0.758565,0.241435,0.000000
0.000000,0.611486,0.388514,0.000000
0.000000,0.947392,0.052608,0.000000
0.000000,0.970498,0.029502,0.000000
0.000000,0.947392,0.052608,0.000000
0.000000,0.756811,0.243189,0.000000
0.000000,0.821853,0.178147,0.000000
0.998156,0.000000,0.001844,0.000000
0.000000,0.779034,0.220966,0.000000
0.981210,0.000000,0.018790,0.000000
1.000000,0.000000,0.000000,0.000000
0.786754,0.177997,0.035248,0.000000
0.000000,0.778674,0.221326,0.000000
0.792907,0.160196,0.046897,0.000000
1.000000,0.000000,0.000000,0.000000
1.000000,0.000000,0.000000,0.000000
0.000000,0.739759,0.260241,0.000000
1.000000,0.000000,0.000000,0.000000
0.000000,0.912145,0.087855,0.000000
1.000000,0.000000,0.000000,0.000000
0.000000,0.881619,0.118381,0.000000
1.000000,0.000000,0.000000,0.000000
0.000000,1.000000,0.000000,0.000000
0.000000,0.712711,0.287289,0.000000
0.000000,0.860998,0.139002,0.000000
0.000000,0.842635,0.157365,0.000000
0.000000,0.738869,0.261131,0.000000
0.000000,0.738869,0.261131,0.000000
0.000000,0.772622,0.227378,0.000000
0.000000,0.860998,0.139002,0.000000
0.000000,0.712711,0.287289,0.000000
0.000000,0.842635,0.157365,0.000000
0.000000,0.928026,0.071974,0.000000
0.000000,0.679752,0.320248,0.000000
0.000000,0.928026,0.071974,0.000000
action_ev_data:
0.000000,0.232776,0.225342,-20.767780
0.000000,-1.224054,-0.713202,-24.439873
0.000000,-1.125051,-0.601632,-24.383720
0.000000,3.112788,3.092423,-10.573284
0.000000,0.232776,0.225342,-20.767780
0.000000,0.340990,0.341388,-20.711626
0.000000,30.872517,30.860020,27.668421
0.000000,-1.125051,-0.601632,-24.383720
0.000000,3.112788,3.092423,-10.573284
0.000000,6.197683,6.175310,-6.539812
0.000000,64.731857,65.336594,63.298908
0.000000,64.756264,65.415710,63.298908
0.000000,42.612968,42.621967,42.548065
0.000000,2.982855,2.980501,-14.380507
0.000000,64.756264,65.415710,63.298908
0.000000,42.612968,42.621967,42.548065
0.000000,2.982855,2.980501,-14.380507
0.000000,6.942221,6.781240,-9.581369
0.000000,0.740015,0.729041,-18.811640
0.000000,-0.840344,-0.414836,-23.400700
0.000000,-0.640462,-0.218881,-23.110126
0.000000,3.510469,3.501589,-13.000210
0.000000,11.577581,11.575167,-4.817244
0.000000,4.556087,4.549483,-8.875944
0.000000,0.740015,0.729041,-18.811640
0.000000,0.995401,0.991319,-18.541029
0.000000,24.444988,24.435055,21.924871
0.000000,26.555000,26.549166,22.028448
0.000000,32.332619,32.337608,28.888762
0.000000,-0.640462,-0.218881,-23.110126
0.000000,3.510469,3.501589,-13.000210
0.000000,11.577581,11.575167,-4.817244
0.000000,4.556087,4.549483,-8.875944
0.000000,14.058352,14.058599,-0.830893
0.000000,7.817977,7.823288,-4.820785
0.000000,66.009415,65.981873,64.679649
0.000000,65.463257,65.450211,65.364502
0.000000,3.312165,3.309409,-13.628693
0.000000,2.381220,2.379217,-15.201191
0.000000,3.092256,3.091474,-13.832979
0.000000,2.834418,2.835520,-11.183851
0.000000,66.009415,65.981873,64.679649
0.000000,24.458656,24.469006,22.450567
0.000000,23.468788,23.473965,21.339008
0.000000,28.756437,28.760981,22.030811
0.000000,32.659554,32.660942,25.492798
0.000000,3.312165,3.309409,-13.628693
0.000000,2.381220,2.379217,-15.201191
0.000000,3.092256,3.091474,-13.832979
0.000000,2.834418,2.835520,-11.183851
0.000000,2.213936,2.210210,-16.147900
0.000000,0.408983,0.398385,-21.241217
0.000000,0.734092,0.714558,-20.428900
0.000000,12.793711,12.788593,-4.819324
0.000000,2.204359,2.193020,-21.361977
0.000000,9.641688,9.640262,-5.325616
0.000000,-2.359680,-1.257727,-27.651714
0.000000,-2.496074,-1.602014,-24.342590
0.000000,2.213936,2.210210,-16.147900
0.000000,2.657350,2.647583,-15.426056
0.000000,28.081373,28.068707,22.625572
0.000000,18.264729,18.261848,12.507648
0.000000,16.482021,16.485920,11.409628
0.000000,22.948856,22.955883,19.760658
0.000000,0.734092,0.714558,-20.428900
0.000000,12.793711,12.788593,-4.819324
0.000000,2.204359,2.193020,-21.361977
0.000000,9.641688,9.640262,-5.325616
0.000000,-2.359680,-1.257727,-27.651714
0.000000,-2.496074,-1.602014,-24.342590
0.000000,15.355931,15.352034,-0.465755
0.000000,4.527122,4.527288,-15.915394
0.000000,13.529095,13.499439,0.394305
0.000000,-0.056670,-0.009538,-22.493309
0.000000,0.014397,0.003909,-18.883598
0.000000,2.360140,2.360925,-17.718658
0.000000,0.791428,0.752288,-22.639183
0.000000,1.040269,1.028350,-21.708681
0.000000,3.424629,3.416771,-21.155548
0.000000,9.021105,9.008615,-6.413387
0.000000,-2.376622,-1.383272,-33.545143
0.000000,-2.651107,-1.355982,-29.343403
0.000000,-2.595303,-1.469923,-24.348568
0.000000,2.360140,2.360925,-17.718658
0.000000,2.716239,2.707701,-16.915361
0.000000,19.518112,19.522705,12.417553
0.000000,13.478006,13.474897,4.598274
0.000000,15.784796,15.784519,10.168967
0.000000,22.879185,22.894371,19.586964
0.000000,1.040269,1.028350,-21.708681
0.000000,3.424629,3.416771,-21.155548
0.000000,9.021105,9.008615,-6.413387
0.000000,-2.376622,-1.383272,-33.545143
0.000000,-2.651107,-1.355982,-29.343403
0.000000,-2.595303,-1.469923,-24.348568
0.000000,5.780938,5.774061,-15.655565
0.000000,12.976672,12.957529,-1.082890
0.000000,-0.917655,-0.663181,-29.166245
0.000000,-0.393221,-0.050347,-23.992813
0.000000,0.000248,-0.008275,-18.809910
0.000000,4.027699,4.028925,-19.062244
0.000000,1.883547,1.864573,-23.432640
0.000000,2.202174,2.204184,-22.600285
0.000000,9.777669,9.775461,-7.313984
0.000000,-2.034126,-1.256544,-33.704048
0.000000,-2.106656,-1.434181,-32.848034
0.000000,-2.739306,-1.655757,-33.064415
0.000000,-3.003050,-2.019774,-31.112240
0.000000,-2.993229,-2.184426,-25.609047
0.000000,4.027699,4.028925,-19.062244
0.000000,4.430402,4.428399,-18.289494
0.000000,14.176487,14.175726,5.205131
0.000000,14.301159,14.295991,6.309609
0.000000,14.294020,14.284637,6.819812
0.000000,15.534277,15.530818,9.852654
0.000000,22.021616,22.024796,18.803986
0.000000,2.202174,2.204184,-22.600285
0.000000,9.777669,9.775461,-7.313984
0.000000,-2.034126,-1.256544,-33.704048
0.000000,-2.106656,-1.434181,-32.848034
0.000000,-2.739306,-1.655757,-33.064415
0.000000,-3.003050,-2.019774,-31.112240
0.000000,-2.993229,-2.184426,-25.609047
0.000000,13.545792,13.538280,-2.571777
0.000000,-0.529480,-0.402020,-29.489792
0.000000,-0.605041,-0.348033,-28.426830
0.000000,-1.195382,-0.547108,-28.892605
0.000000,-0.841231,-0.491147,-25.804451
0.000000,-0.237060,-0.158520,-19.887562
0.000000,71.196365,71.193848,68.982224
0.000000,71.248505,71.239212,67.663788
0.000000,11.166176,11.163075,-6.400333
0.000000,11.492674,11.491472,-6.438585
0.000000,11.989069,11.987354,-6.173820
0.000000,11.962504,11.952095,-3.860607
0.000000,13.267834,13.263291,1.060227
0.000000,71.248505,71.239212,67.663788
0.000000,11.166176,11.163075,-6.400333
0.000000,11.492674,11.491472,-6.438585
0.000000,11.989069,11.987354,-6.173820
0.000000,11.962504,11.952095,-3.860607
0.000000,13.267834,13.263291,1.060227
0.000000,14.510023,14.502424,-3.155283
0.000000,14.792660,14.795718,-3.188313
0.000000,15.224701,15.225769,-3.059860
0.000000,15.887842,15.892428,-0.422467
0.000000,17.631470,17.613060,4.289275
0.000000,12.163997,12.158990,-2.433953
0.000000,9.318699,9.316096,-5.246026
0.000000,9.115843,9.116796,-6.110733
0.000000,-0.082852,-0.006225,-28.066158
0.000000,-0.265471,-0.036836,-27.984734
0.000000,-1.212288,-0.582850,-25.948048
0.000000,-1.665039,-1.319900,-21.192297
0.000000,1.654145,1.640146,-13.712511
0.000000,-1.662344,-1.321967,-21.192297
0.000000,-1.843296,-1.323729,-21.405745
0.000000,12.163997,12.158990,-2.433953
0.000000,12.093576,12.090590,-3.266824
0.000000,17.879524,17.876795,9.732655
0.000000,17.406973,17.402727,10.036195
0.000000,17.838127,17.834385,12.239776
0.000000,0.017550,-0.009984,-17.791376
0.000000,22.858978,22.862488,19.496826
0.000000,0.017550,-0.009984,-17.791376
0.000000,-0.014932,-0.025269,-18.008379
0.000000,9.115843,9.116796,-6.110733
0.000000,-0.082852,-0.006225,-28.066158
0.000000,-0.265471,-0.036836,-27.984734
0.000000,-1.212288,-0.582850,-25.948048
0.000000,-1.662344,-1.321967,-21.192297
0.000000,1.654145,1.640146,-13.712511
0.000000,-1.665039,-1.319900,-21.192297
0.000000,-1.843296,-1.323729,-21.405745
0.000000,0.221100,0.207095,-25.555489
0.000000,0.007060,0.003591,-25.566143
0.000000,-0.007613,-0.014132,-22.543335
0.000000,-2.232557,-2.044367,-22.504551
0.000000,1.187613,1.167854,-14.880796
0.000000,-2.232557,-2.044367,-22.504551
0.000000,0.031936,-0.067936,-17.329250
0.000000,16.546679,16.547688,8.961833
0.000000,13.922262,13.915845,6.069313
0.000000,13.776065,13.773750,5.587965
0.000000,-0.005641,-0.014699,-26.108631
0.000000,-1.137221,-0.671058,-23.785923
0.000000,0.214534,0.193492,-19.364304
0.000000,-1.166185,-0.699203,-23.833038
0.000000,-1.464557,-1.003013,-24.414597
0.000000,-1.202685,-0.955846,-19.024656
0.000000,2.051535,2.033275,-12.101931
0.000000,-1.196501,-0.954949,-19.024656
0.000000,-1.422653,-1.007477,-19.213985
0.000000,16.546679,16.547688,8.961833
0.000000,16.540691,16.545763,8.520459
0.000000,17.893019,17.896883,10.726130
0.000000,-0.015463,-0.025571,-20.190132
0.000000,18.157413,18.152122,12.524849
0.000000,-0.015463,-0.025571,-20.190132
0.000000,0.008917,-0.112479,-20.748690
0.000000,0.081948,0.069757,-15.617762
0.000000,24.148390,24.147738,20.226761
0.000000,0.081948,0.069757,-15.617762
0.000000,-0.002585,-0.013558,-15.700138
0.000000,13.776065,13.773750,5.587965
0.000000,-0.005641,-0.014699,-26.108631
0.000000,-1.166185,-0.699203,-23.833038
0.000000,0.214534,0.193492,-19.364304
0.000000,-1.137221,-0.671058,-23.785923
0.000000,-1.464557,-1.003013,-24.414597
0.000000,-1.196501,-0.954949,-19.024656
0.000000,2.051535,2.033275,-12.101931
0.000000,-1.202685,-0.955846,-19.024656
0.000000,-1.422653,-1.007477,-19.213985
0.000000,0.207706,0.203863,-23.707218
0.000000,-1.756645,-1.362099,-25.084053
0.000000,-0.042971,-0.036796,-20.555817
0.000000,-1.756645,-1.362099,-25.084053
0.000000,0.080433,0.062228,-20.101004
0.000000,-1.646903,-1.490057,-20.180590
0.000000,1.887995,1.886175,-13.013912
0.000000,-1.646903,-1.490057,-20.180590
0.000000,0.634768,0.317522,-15.250618
0.000000,24.627766,24.628403,23.344681
0.000000,21.592354,21.590679,20.064243
0.000000,21.251789,21.253712,19.778698
0.000000,-0.376249,-0.009445,-20.927702
0.000000,1.067978,1.051098,-17.101028
0.000000,-0.386894,-0.010743,-20.929451
0.000000,-0.749655,-0.309095,-21.515196
0.000000,-0.008921,-0.011008,-16.522943
0.000000,3.248366,3.232033,-10.392031
0.000000,-0.008594,-0.011177,-16.523966
0.000000,-0.215449,-0.053440,-16.657661
0.000000,24.627766,24.628403,23.344681
0.000000,24.443821,24.439022,23.171978
0.000000,0.945193,0.923681,-16.711658
0.000000,19.054651,19.052200,13.451326
0.000000,0.945193,0.923681,-16.711658
0.000000,0.836148,0.828963,-17.133892
0.000000,1.542574,1.538018,-13.068312
0.000000,25.859762,25.867191,21.553692
0.000000,1.542574,1.538018,-13.068312
0.000000,1.328970,1.326518,-13.170074
0.000000,21.251789,21.253712,19.778698
0.000000,-0.386894,-0.010743,-20.929451
0.000000,1.067978,1.051098,-17.101028
0.000000,-0.376249,-0.009445,-20.927702
0.000000,-0.749655,-0.309095,-21.515196
0.000000,-0.008594,-0.011177,-16.523966
0.000000,3.248366,3.232033,-10.392031
0.000000,-0.008921,-0.011008,-16.522943
0.000000,-0.215449,-0.053440,-16.657661
0.000000,-1.017043,-0.579119,-22.394669
0.000000,0.734436,0.725900,-18.490337
0.000000,-1.017043,-0.579119,-22.394669
0.000000,0.691677,0.675199,-17.637371
0.000000,-0.366944,-0.502510,-17.794104
0.000000,2.921154,2.928370,-11.602745
0.000000,-0.366944,-0.502510,-17.794104
0.000000,2.114492,1.590146,-13.159414
0.000000,4.173581,4.172200,-7.581800
0.000000,0.518141,0.503393,-13.010010
0.000000,0.260005,0.260795,-13.177788
0.000000,2.987572,2.984360,-9.820894
0.000000,2.987572,2.984360,-9.820894
0.000000,2.823244,2.824969,-9.971714
0.000000,0.518141,0.503393,-13.010010
0.000000,4.173581,4.172200,-7.581800
0.000000,0.260005,0.260795,-13.177788
0.000000,0.397071,0.389585,-13.482998
0.000000,4.145338,4.153055,-7.956459
0.000000,0.397071,0.389585,-13.482998
